09/11/2009 09:36:31,2,9,000024500005,1,1
09/11/2009 09:36:31,2,9,001299400007,1,2
09/11/2009 09:36:31,2,9,001299600001,1,3
09/11/2009 09:36:31,2,9,000000400008,1,4
09/11/2009 09:36:31,2,9,001212200004,1,5
09/11/2009 09:36:31,2,9,000072400005,1,6
09/11/2009 09:36:31,2,9,001215800003,1,7
09/11/2009 09:36:31,2,9,001351500003,1,8
09/11/2009 09:36:31,2,9,000407100006,1,9
09/11/2009 09:36:31,2,9,001212000000,1,10
09/11/2009 09:36:31,2,9,000024300001,1,11
09/11/2009 09:36:31,2,9,000050000005,1,12
09/11/2009 09:36:31,2,9,001672700007,1,13
09/11/2009 09:36:31,2,9,001325300004,1,14
09/11/2009 09:36:31,2,9,000033600000,1,15
09/11/2009 09:36:31,2,9,000404400000,1,16
09/11/2009 09:36:31,2,9,001274600002,1,17
09/11/2009 09:36:31,2,9,000033500003,1,18
09/11/2009 09:36:31,2,9,000580000001,1,19
09/11/2009 09:36:31,2,9,001361200009,1,20
09/11/2009 09:36:31,2,9,001317600006,1,21
09/11/2009 09:36:31,2,9,001666900000,1,22
09/11/2009 09:36:31,2,9,000855900005,1,23
09/11/2009 09:36:31,2,9,000760600007,1,24
09/11/2009 09:36:31,2,9,000404200006,1,25
09/11/2009 09:36:31,2,9,000678500000,1,26
09/11/2009 09:36:31,2,9,001664900002,1,28
09/11/2009 09:36:31,2,9,000055200004,1,29
09/11/2009 09:36:31,2,9,12114,1,30
09/11/2009 09:36:31,2,9,001311000000,1,31
09/11/2009 09:36:31,2,9,000022700001,1,32
09/11/2009 09:36:31,2,9,001666600009,1,33
09/11/2009 09:36:31,2,9,000679500009,1,34
09/11/2009 09:36:31,2,9,001666500002,1,35
09/11/2009 09:36:31,2,9,001669500009,1,36
09/11/2009 09:36:31,2,9,001352100004,1,37
09/11/2009 09:36:31,2,9,001667300007,1,38
09/11/2009 09:36:31,2,9,001319700001,1,39
09/11/2009 09:36:31,2,9,001264700002,1,40
09/11/2009 09:36:31,2,9,001132100002,1,41
09/11/2009 09:36:31,2,9,000876300006,1,42
09/11/2009 09:36:31,2,9,000207200005,1,43
09/11/2009 09:36:31,2,9,000954200006,1,44
09/11/2009 09:36:31,2,9,000592900009,1,45
09/11/2009 09:36:31,2,9,001665100005,1,46
09/11/2009 09:36:31,2,9,000593000005,1,47
09/11/2009 09:36:31,2,9,000140300008,1,48
09/11/2009 09:36:31,2,9,13248,1,49
09/11/2009 09:36:31,2,9,001339700005,1,50
09/11/2009 09:36:31,2,9,001342400008,1,51
09/11/2009 09:36:31,2,9,000406900003,1,52
09/11/2009 09:36:31,2,9,001068200005,1,53
09/11/2009 09:36:31,2,9,000528800007,1,54
09/11/2009 09:36:31,2,9,8250,1,55
09/11/2009 09:36:31,2,9,000589400000,1,56
09/11/2009 09:36:31,2,9,000402500009,1,57
09/11/2009 09:36:31,2,9,001314100004,1,58
09/11/2009 09:36:31,2,9,001667100003,1,59
09/11/2009 09:36:31,2,9,000549900007,1,60
09/11/2009 09:36:31,2,9,000514600000,1,61
09/11/2009 09:36:31,2,9,001339400004,1,62
09/11/2009 09:36:31,2,9,001309400003,1,63
09/11/2009 09:36:31,2,9,001670000000,1,64
09/11/2009 09:36:31,2,9,000518900007,1,65
09/11/2009 09:36:31,2,9,000536400008,1,66
09/11/2009 09:36:31,2,9,000448500001,1,67
09/11/2009 09:36:31,2,9,000513100006,1,68
09/11/2009 09:36:31,2,9,001323100002,1,69
09/11/2009 09:36:31,2,9,001669900007,1,70
09/11/2009 09:36:31,2,9,000587500009,1,71
09/11/2009 09:36:31,2,9,001327800007,1,72
09/11/2009 09:36:31,2,9,000430800003,1,73
09/11/2009 09:36:31,2,9,001113900003,1,74
09/11/2009 09:36:31,2,9,001324400002,1,75
09/11/2009 09:36:31,2,9,000438400007,1,76
09/11/2009 09:36:31,2,9,000436900004,1,77
09/11/2009 09:36:31,2,9,000438600001,1,78
09/11/2009 09:36:31,2,9,001294000004,1,79
09/11/2009 09:36:31,2,9,000135200009,1,80
09/11/2009 09:36:31,2,9,000437400008,1,81
09/11/2009 09:36:31,2,9,000436600003,1,82
09/11/2009 09:36:31,2,9,000193800005,1,83
09/11/2009 09:36:31,2,9,000135100002,1,84
09/11/2009 09:36:31,2,9,001239700006,1,85
09/11/2009 09:36:31,2,9,000431900009,1,86
09/11/2009 09:36:31,2,9,000449900008,1,87
09/11/2009 09:36:31,2,9,000676700006,1,88
09/11/2009 09:36:31,2,9,001258100009,1,89
09/11/2009 09:36:31,2,9,000524300006,1,90

09/11/2009 09:36:31,2,9,000581400008,1,92
09/11/2009 09:36:31,2,9,001239600009,1,93
09/11/2009 09:36:31,2,9,000403900006,1,94
09/11/2009 09:36:31,2,9,001177900001,1,95
09/11/2009 09:36:31,2,9,001668200009,1,96
09/11/2009 09:36:31,2,9,001360000006,1,97
09/11/2009 09:36:31,2,9,001360100003,1,98
09/11/2009 09:36:31,2,9,001327100008,1,99
09/11/2009 09:36:31,2,9,000387800002,1,100
09/11/2009 09:36:31,2,9,001290100005,1,101
09/11/2009 09:36:31,2,9,000034300008,1,102
09/11/2009 09:36:31,2,9,001333300003,1,103
09/11/2009 09:36:31,2,9,000900400009,1,104
09/11/2009 09:36:31,2,9,000900400009,1,105
09/11/2009 09:36:31,2,9,000056200003,1,106
09/11/2009 09:36:31,2,9,00130240,1,107
09/11/2009 09:36:31,2,9,001341400009,1,108
09/11/2009 09:36:31,2,9,000883500000,1,109
09/11/2009 09:36:31,2,9,000792800000,1,110
09/11/2009 09:36:31,2,9,000939500008,1,111
09/11/2009 09:36:31,2,9,001361000005,1,112
09/11/2009 09:36:31,2,9,000058900000,1,113
09/11/2009 09:36:31,2,9,000760000005,1,114
09/11/2009 09:36:31,2,9,000118400006,1,115
09/11/2009 09:36:31,2,9,000118400006,1,116
09/11/2009 09:36:31,2,9,000118100005,1,117
09/11/2009 09:36:31,2,9,000118100005,1,118
09/11/2009 09:36:31,2,9,001663500005,1,119
09/11/2009 09:36:31,2,9,001663500005,1,120
09/11/2009 09:36:31,2,9,001663500005,1,121
09/11/2009 09:36:31,2,9,001663500005,1,122
09/11/2009 09:36:31,2,9,001663500005,1,123
09/11/2009 09:36:31,2,9,001326900005,1,124
09/11/2009 09:36:31,2,9,000013500009,1,125
09/11/2009 09:36:31,2,9,001241500007,1,126
09/11/2009 09:36:31,2,9,001344000008,1,127
09/11/2009 09:36:31,2,9,000185700009,1,128
09/11/2009 09:36:31,2,9,001354500000,1,129
09/11/2009 09:36:31,2,9,001303100008,1,130
09/11/2009 09:36:31,2,9,000009700000,1,131
09/11/2009 09:36:31,2,9,16655,1,132
09/11/2009 09:36:31,2,9,000904300008,1,133
09/11/2009 09:36:31,2,9,001092300009,1,134
09/11/2009 09:36:31,2,9,16646,1,135
09/11/2009 09:36:31,2,9,11068,1,136
09/11/2009 09:36:31,2,9,13027,1,137
09/11/2009 09:36:31,2,9,16656,1,138
09/11/2009 09:36:31,2,9,001663500005,1,139
09/11/2009 09:36:31,2,9,593,1,140
09/11/2009 09:36:31,2,9,11313,1,141
09/11/2009 09:36:31,2,9,10287,1,142
09/11/2009 09:36:31,2,9,4465,1,143
09/11/2009 09:36:31,2,9,000436900004,1,145
09/11/2009 09:36:31,2,9,000587500009,1,146
09/11/2009 09:36:31,2,9,001323100002,1,147
09/11/2009 09:36:31,2,9,000536400008,1,148
09/11/2009 09:36:31,2,9,001332700002,1,149
09/11/2009 09:36:31,2,9,000676100004,1,150
09/11/2009 09:36:31,2,9,001233600005,1,151
09/11/2009 09:36:31,2,9,000842500003,1,152
09/11/2009 09:36:31,2,9,001324500009,1,153
09/11/2009 09:36:31,2,9,000929200000,1,154
09/11/2009 09:36:31,2,9,000135200009,1,155
09/11/2009 09:36:31,2,9,000489000003,1,156
09/11/2009 09:39:07,2,9,000446300009,1,1
09/11/2009 09:39:07,2,9,000446300009,1,2
09/11/2009 09:39:07,2,9,001084600001,1,3
09/11/2009 09:39:07,2,9,000455900009,1,4
09/11/2009 09:39:07,2,9,001006600003,1,5
09/11/2009 09:39:07,2,9,001084600001,1,6
09/11/2009 09:39:07,2,9,000377300000,1,7
09/11/2009 09:39:07,2,9,001668900008,1,8
09/11/2009 09:39:07,2,9,000567900003,1,9
09/11/2009 09:39:07,2,9,000014200007,1,10
09/11/2009 09:39:07,2,9,001664400007,1,11
09/11/2009 09:39:07,2,9,001206000009,1,12
09/11/2009 09:39:07,2,9,000009900004,1,13
09/11/2009 09:39:07,2,9,001264500008,1,14
09/11/2009 09:39:07,2,9,001672500003,1,15
09/11/2009 09:39:07,2,9,001669000004,1,16
09/11/2009 09:39:07,2,9,001669100001,1,17
09/11/2009 09:39:07,2,9,000902000009,1,18
09/11/2009 09:39:07,2,9,001221600000,1,19
09/11/2009 09:39:07,2,9,001214000008,1,20
09/11/2009 09:39:07,2,9,7834,1,21
09/11/2009 09:39:07,2,9,001214000008,1,22
09/11/2009 09:39:07,2,9,001214000008,1,23
09/11/2009 09:39:07,2,9,001151800006,1,25
09/11/2009 09:39:07,2,9,001151800006,1,26
09/11/2009 09:39:07,2,9,001151800006,1,27
09/11/2009 09:39:07,2,9,001151800006,1,28
09/11/2009 09:39:07,2,9,001151800006,1,29
09/11/2009 09:39:07,2,9,000448800002,1,30
09/11/2009 09:39:07,2,9,000135300006,1,31
09/11/2009 09:39:07,2,9,001317400002,1,32
09/11/2009 09:39:07,2,9,001151800006,1,33
09/11/2009 09:39:07,2,9,001672400006,1,34
09/11/2009 09:39:07,2,9,001327900004,1,35
09/11/2009 09:39:07,2,9,000008500007,1,36
09/11/2009 09:39:07,2,9,001092300009,1,37
09/11/2009 09:39:07,2,9,001668800001,2,38
09/11/2009 09:39:07,2,9,001359200004,1,39
09/11/2009 09:39:07,2,9,000204300005,1,40
09/11/2009 09:39:07,2,9,001670700009,1,41
09/11/2009 09:39:07,2,9,001670700009,1,42
09/11/2009 09:39:07,2,9,000204300005,1,43
09/11/2009 09:39:07,2,9,001341300002,1,44
09/11/2009 09:39:07,2,9,000759600001,1,45
09/11/2009 09:39:07,2,9,001285700005,1,46
09/11/2009 09:39:07,2,9,001285700005,1,47
09/11/2009 09:39:07,2,9,001285600008,1,48
09/11/2009 09:39:07,2,9,001285600008,1,49
09/11/2009 09:39:07,2,9,001286100002,1,50
09/11/2009 09:39:07,2,9,13269,1,51
09/11/2009 09:39:07,2,9,16635,6,52
09/11/2009 09:39:07,2,9,001672800004,1,53
09/11/2009 09:39:07,2,9,000044700003,6,54
09/11/2009 09:39:07,2,9,8580,1,55
09/11/2009 09:39:07,2,9,001671000009,1,56
09/11/2009 09:39:07,2,9,001671100006,1,57
09/11/2009 09:39:07,2,9,001328500005,1,58
09/11/2009 09:39:07,2,9,001671200003,1,59
09/11/2009 09:39:07,2,9,001170500000,1,60
09/11/2009 09:39:07,2,9,001170100002,1,61
09/11/2009 09:39:07,2,9,001338100004,1,62
09/11/2009 09:39:07,2,9,001325400001,4,63
09/11/2009 09:39:07,2,9,000512200004,1,64
09/11/2009 09:39:07,2,9,001671400007,1,65
09/11/2009 09:39:07,2,9,001328200004,1,67
09/11/2009 09:39:07,2,9,000411900005,1,68
09/11/2009 09:39:07,2,9,001233500008,1,69
09/11/2009 09:39:07,2,9,001671500004,1,70
09/11/2009 09:39:07,2,9,001239500002,1,71
09/11/2009 09:39:07,2,9,001332700002,1,72
09/11/2009 09:39:07,2,9,001258600004,1,73
09/11/2009 09:39:07,2,9,000586100002,1,74
09/11/2009 09:39:07,2,9,000679500009,1,75
09/11/2009 09:39:07,2,9,001324500009,1,76
09/11/2009 09:39:07,2,9,001668400003,1,77
09/11/2009 09:39:07,2,9,001258500007,1,78
09/11/2009 09:39:07,2,9,001671500004,1,79
09/11/2009 09:39:07,2,9,001315200000,1,80
09/11/2009 09:39:07,2,9,1118,1,81
09/11/2009 09:39:07,2,9,9292,1,82
09/11/2009 09:39:07,2,9,16719,1,83
09/11/2009 09:39:07,2,9,16720,1,84
09/11/2009 09:39:07,2,9,16718,1,85
09/11/2009 09:39:07,2,9,13240,1,86
09/11/2009 09:39:07,2,9,001292000006,1,87
09/11/2009 09:39:07,2,9,001324600006,1,88
09/11/2009 09:39:07,2,9,001352200001,1,89
09/11/2009 09:39:07,2,9,001329100006,1,90
09/11/2009 09:39:07,2,9,001317800000,1,91
09/11/2009 09:39:07,2,9,001329000009,1,92
09/11/2009 09:39:07,2,9,001670100007,1,93
09/11/2009 09:39:07,2,9,001294600006,1,94
09/11/2009 09:39:07,2,9,001280300002,1,95
09/11/2009 09:39:07,2,9,001667700005,1,96
09/11/2009 09:39:07,2,9,001670100007,1,97
09/11/2009 09:39:07,2,9,12858,1,98
09/11/2009 09:39:07,2,9,12858,1,99
09/11/2009 09:39:07,2,9,000842500003,1,100
09/11/2009 09:39:07,2,9,12647,1,101
09/11/2009 09:39:07,2,9,001078600000,1,102
09/11/2009 09:39:07,2,9,001078600000,1,103
09/11/2009 09:39:07,2,9,001214500003,5,104
09/11/2009 09:39:07,2,9,000073500001,2,105
09/11/2009 09:39:07,2,9,12146,3,106
09/11/2009 09:39:07,2,9,001214500003,1,107
09/11/2009 09:39:07,2,9,735,1,108
09/11/2009 09:39:07,2,9,12146,1,109
09/11/2009 09:39:07,2,9,001294000004,1,110
09/11/2009 09:39:07,2,9,001315200000,1,111
09/11/2009 09:39:07,2,9,001672400006,1,112
09/11/2009 09:39:07,2,9,00165150,1,113
09/11/2009 09:39:07,2,9,4465,1,114
09/11/2009 09:39:07,2,9,165,1,115
09/11/2009 09:39:07,2,9,259,1,116
09/11/2009 09:39:07,2,9,771,1,117
09/11/2009 09:39:07,2,9,1353,1,118
09/11/2009 09:39:07,2,9,1451,1,119
09/11/2009 09:39:07,2,9,6808,1,120
09/11/2009 09:39:07,2,9,12562,1,121
09/11/2009 09:39:07,2,9,13141,1,122
09/11/2009 09:39:07,2,9,13314,1,123
09/11/2009 09:39:07,2,9,13526,1,124
09/11/2009 09:39:07,2,9,16731,1,125
09/11/2009 09:39:07,2,9,16733,1,126
09/11/2009 09:39:07,2,9,16734,1,127
