08/31/2009 09:03:48,2,1,001214600000,1,1
08/31/2009 09:03:48,2,1,001214600000,1,2
08/31/2009 09:03:48,2,1,001214600000,19,3
08/31/2009 09:03:48,2,1,10724,1,4
08/31/2009 09:03:48,2,1,001214500003,1,5
08/31/2009 09:03:48,2,1,001214500003,8,6
08/31/2009 09:03:48,2,1,000073500001,11,7
08/31/2009 09:03:48,2,1,000489200007,1,8
08/31/2009 09:03:48,2,1,000490100006,1,9
08/31/2009 09:03:48,2,1,000576100005,1,10
08/31/2009 09:03:48,2,1,000683200001,1,11
08/31/2009 09:03:48,2,1,001324000004,1,12
08/31/2009 09:03:48,2,1,001324000004,1,13
08/31/2009 09:03:48,2,1,000858000009,1,14
08/31/2009 09:03:48,2,1,000530200000,1,15
08/31/2009 09:03:48,2,1,000530200000,1,16
08/31/2009 09:03:48,2,1,001258500007,1,17
08/31/2009 09:03:48,2,1,001258500007,1,18
08/31/2009 09:03:48,2,1,001258500007,1,19
08/31/2009 09:03:48,2,1,001239300008,13,20
08/31/2009 09:03:48,2,1,001258600004,1,21
08/31/2009 09:03:48,2,1,000586100002,1,22
08/31/2009 09:03:48,2,1,000586100002,1,23
08/31/2009 09:03:48,2,1,000586100002,1,24
08/31/2009 09:03:48,2,1,000586100002,1,25
08/31/2009 09:03:48,2,1,001324400002,1,26
08/31/2009 09:03:48,2,1,001113900003,1,27
08/31/2009 09:03:48,2,1,001113900003,1,28
08/31/2009 09:03:48,2,1,001315900009,1,29
08/31/2009 09:03:48,2,1,001292000006,1,30
08/31/2009 09:03:48,2,1,001292000006,1,31
08/31/2009 09:03:48,2,1,001292000006,1,32
08/31/2009 09:03:48,2,1,001239100004,1,33
08/31/2009 09:03:48,2,1,001239500002,1,34
08/31/2009 09:03:48,2,1,001239500002,1,35
08/31/2009 09:03:48,2,1,001239500002,1,36
08/31/2009 09:03:48,2,1,001239500002,1,37
08/31/2009 09:03:48,2,1,001239500002,1,38
08/31/2009 09:03:48,2,1,001234500007,1,39
08/31/2009 09:03:48,2,1,001234500007,1,40
08/31/2009 09:03:48,2,1,001268100006,1,41
08/31/2009 09:03:48,2,1,001268100006,1,42
08/31/2009 09:03:48,2,1,001239200001,4,43
08/31/2009 09:03:48,2,1,001239200001,1,44
08/31/2009 09:03:48,2,1,001239200001,1,45
08/31/2009 09:03:48,2,1,12395,7,46
08/31/2009 09:03:48,2,1,000858000009,1,47
08/31/2009 09:03:48,2,1,000858000009,1,48
08/31/2009 09:03:48,2,1,001328500005,1,49
08/31/2009 09:03:48,2,1,000411900005,1,50
08/31/2009 09:03:48,2,1,16684,3,51
08/31/2009 09:03:48,2,1,001078600000,1,52
08/31/2009 09:03:48,2,1,001078600000,1,53
08/31/2009 09:03:48,2,1,001078600000,1,54
08/31/2009 09:03:48,2,1,001078600000,1,55
08/31/2009 09:03:48,2,1,001078600000,1,56
08/31/2009 09:03:48,2,1,001078600000,1,57
08/31/2009 09:03:48,2,1,001078600000,1,58
08/31/2009 09:03:48,2,1,001078600000,1,59
08/31/2009 09:03:48,2,1,001078600000,1,60
08/31/2009 09:03:48,2,1,001078600000,1,61
08/31/2009 09:03:48,2,1,001078600000,1,62
08/31/2009 09:03:48,2,1,001078600000,1,63
08/31/2009 09:03:48,2,1,001078600000,1,64
08/31/2009 09:03:48,2,1,001078600000,1,65
08/31/2009 09:03:48,2,1,001078600000,1,66
08/31/2009 09:03:48,2,1,001078600000,1,67
08/31/2009 09:03:48,2,1,000842500003,1,68
08/31/2009 09:03:48,2,1,000842500003,1,69
08/31/2009 09:03:48,2,1,000842500003,1,70
08/31/2009 09:03:48,2,1,000842500003,1,71
08/31/2009 09:03:48,2,1,001078600000,1,72
08/31/2009 09:03:48,2,1,001078600000,1,73
08/31/2009 09:03:48,2,1,001324500009,8,74
08/31/2009 09:03:48,2,1,000489000003,4,75
08/31/2009 09:03:48,2,1,000929200000,1,76
08/31/2009 09:03:48,2,1,000929200000,1,77
08/31/2009 09:03:48,2,1,000929200000,1,78
08/31/2009 09:03:48,2,1,000929200000,1,79
08/31/2009 09:03:48,2,1,001315900009,1,80
08/31/2009 09:03:48,2,1,001324600006,1,81
08/31/2009 09:03:48,2,1,001324600006,1,82
08/31/2009 09:03:48,2,1,001280300002,1,83
08/31/2009 09:03:48,2,1,001280300002,1,84
08/31/2009 09:03:48,2,1,001280300002,1,85
08/31/2009 09:03:48,2,1,001294600006,6,86
08/31/2009 09:03:48,2,1,001276600000,1,87
08/31/2009 09:03:48,2,1,6678,1,88
08/31/2009 09:03:48,2,1,5862,15,89
08/31/2009 09:03:48,2,1,000127700005,1,90
08/31/2009 09:03:48,2,1,000127700005,1,91
08/31/2009 09:03:48,2,1,001359600002,1,92
08/31/2009 09:03:48,2,1,001359600002,1,93
08/31/2009 09:03:48,2,1,001357300003,1,94
08/31/2009 09:03:48,2,1,001357300003,1,95
08/31/2009 09:03:48,2,1,001346400004,1,96
08/31/2009 09:03:48,2,1,001334500006,1,97
08/31/2009 09:03:48,2,1,001334200005,1,98
08/31/2009 09:03:48,2,1,001334200005,1,99
08/31/2009 09:03:48,2,1,001334200005,1,100
08/31/2009 09:03:48,2,1,001334200005,1,101
08/31/2009 09:03:48,2,1,001334200005,1,102
08/31/2009 09:03:48,2,1,001334200005,1,103
08/31/2009 09:03:48,2,1,001011100000,1,104
08/31/2009 09:03:48,2,1,001137000000,1,105
08/31/2009 09:03:48,2,1,000103900009,1,106
08/31/2009 09:03:48,2,1,000085300002,1,107
08/31/2009 09:03:48,2,1,001357300003,1,108
08/31/2009 09:03:48,2,1,001357300003,1,109
08/31/2009 09:03:48,2,1,000458900006,1,110
08/31/2009 09:03:48,2,1,001288900006,1,111
08/31/2009 09:03:48,2,1,5140,1,112
08/31/2009 09:03:48,2,1,000101300009,1,113
08/31/2009 09:03:48,2,1,000127300007,1,114
08/31/2009 09:03:48,2,1,001347200009,1,115
08/31/2009 09:03:48,2,1,001051500006,1,116
08/31/2009 09:03:48,2,1,000129700003,1,117
08/31/2009 09:03:48,2,1,001234500007,1,118
08/31/2009 09:03:48,2,1,000129700003,1,119
08/31/2009 09:03:48,2,1,000379700006,1,120
08/31/2009 09:03:48,2,1,000124200003,1,121
08/31/2009 09:03:48,2,1,001345000007,1,122
08/31/2009 09:03:48,2,1,001274000000,1,123
08/31/2009 09:03:48,2,1,001345100004,1,124
08/31/2009 09:03:48,2,1,001345300008,1,125
08/31/2009 09:03:48,2,1,000527900005,1,126
08/31/2009 09:03:48,2,1,000527300003,1,127
08/31/2009 09:03:48,2,1,001357900005,1,128
08/31/2009 09:03:48,2,1,001357900005,1,129
08/31/2009 09:03:48,2,1,000094600001,1,130
08/31/2009 09:03:48,2,1,001137000000,1,131
08/31/2009 09:03:48,2,1,000526400001,1,132
08/31/2009 09:03:48,2,1,001232300005,1,133
08/31/2009 09:03:48,2,1,000094200003,1,134
08/31/2009 09:03:48,2,1,000094200003,1,135
08/31/2009 09:03:48,2,1,000046400000,1,136
08/31/2009 09:03:48,2,1,000094000009,1,137
08/31/2009 09:03:48,2,1,3778,1,138
08/31/2009 09:03:48,2,1,000094000009,1,139
08/31/2009 09:03:48,2,1,2140,2,140
08/31/2009 09:03:48,2,1,000151900006,1,141
08/31/2009 09:03:48,2,1,13476,1,142
08/31/2009 09:03:48,2,1,000110000006,1,143
08/31/2009 09:03:48,2,1,001353800002,1,144
08/31/2009 09:03:48,2,1,001284700006,1,145
08/31/2009 09:03:48,2,1,001348300005,1,146
08/31/2009 09:03:48,2,1,001318800009,1,147
08/31/2009 09:03:48,2,1,001356500008,1,148
08/31/2009 09:03:48,2,1,001356800009,1,149
08/31/2009 09:03:48,2,1,001356500008,1,150
08/31/2009 09:03:48,2,1,001356500008,1,151
08/31/2009 09:03:48,2,1,001356800009,1,152
08/31/2009 09:03:48,2,1,001356800009,1,153
08/31/2009 09:03:48,2,1,001356900006,1,154
08/31/2009 09:03:48,2,1,001358500006,1,155
08/31/2009 09:03:48,2,1,000132300009,1,156
08/31/2009 09:03:48,2,1,001353700005,1,157
08/31/2009 09:03:48,2,1,000081900008,1,158
08/31/2009 09:03:48,2,1,000081900008,1,159
08/31/2009 09:03:48,2,1,000081900008,11,160
08/31/2009 09:03:48,2,1,000127700005,1,161
08/31/2009 09:03:48,2,1,000127700005,1,162
08/31/2009 09:03:48,2,1,000117300000,1,163
08/31/2009 09:03:48,2,1,000130600002,1,164
08/31/2009 09:03:48,2,1,001360700005,1,165
08/31/2009 09:03:48,2,1,001353400004,1,166
08/31/2009 09:03:48,2,1,001347300006,1,167
08/31/2009 09:03:48,2,1,001362400002,1,168
08/31/2009 09:03:48,2,1,000097600008,1,169
08/31/2009 09:03:48,2,1,000099000004,1,170
08/31/2009 09:03:48,2,1,000097800002,1,171
08/31/2009 09:03:48,2,1,001230700005,1,172
08/31/2009 09:03:48,2,1,001361400003,1,173
08/31/2009 09:03:48,2,1,001318900006,1,174
08/31/2009 09:03:48,2,1,001361400003,1,175
08/31/2009 09:03:48,2,1,001361500000,1,176
08/31/2009 09:03:48,2,1,001361500000,1,177
08/31/2009 09:03:48,2,1,00003896,8,178
08/31/2009 09:03:48,2,1,000094000009,1,179
08/31/2009 09:03:48,2,1,000094000009,1,180
08/31/2009 09:03:48,2,1,000094000009,1,181
08/31/2009 09:03:48,2,1,000094000009,1,182
08/31/2009 09:03:48,2,1,000094000009,1,183
08/31/2009 09:03:48,2,1,000094000009,1,184
08/31/2009 09:03:48,2,1,000094000009,1,185
08/31/2009 09:03:48,2,1,000094000009,1,186
08/31/2009 09:03:48,2,1,1233,1,187
08/31/2009 09:03:48,2,1,001346100003,1,188
08/31/2009 09:03:48,2,1,001357300003,1,189
08/31/2009 09:03:48,2,1,12864,1,190
08/31/2009 09:03:48,2,1,001361400003,1,191
08/31/2009 09:03:48,2,1,001361500000,1,192
08/31/2009 09:03:48,2,1,001285700005,5,193
08/31/2009 09:03:48,2,1,000116300001,1,194
08/31/2009 09:03:48,2,1,000101300009,1,195
08/31/2009 09:03:48,2,1,000101300009,1,196
08/31/2009 09:03:48,2,1,000101300009,1,197
08/31/2009 09:03:48,2,1,000101300009,1,198
08/31/2009 09:03:48,2,1,001284700006,1,199
08/31/2009 09:03:48,2,1,001284700006,1,200
08/31/2009 09:03:48,2,1,000084200006,1,201
08/31/2009 09:03:48,2,1,13290,1,202
08/31/2009 09:03:48,2,1,13178,1,203
08/31/2009 09:03:48,2,1,13291,1,204
08/31/2009 09:03:48,2,1,000066900009,1,205
08/31/2009 09:03:48,2,1,000066800002,1,206
08/31/2009 09:03:48,2,1,000034300008,1,207
08/31/2009 09:03:48,2,1,12120,3,208
08/31/2009 09:03:48,2,1,547,2,209
08/31/2009 09:03:48,2,1,12060,4,210
08/31/2009 09:03:48,2,1,12122,8,211
08/31/2009 09:03:48,2,1,12158,2,212
08/31/2009 09:03:48,2,1,12994,1,213
08/31/2009 09:03:48,2,1,12216,1,214
08/31/2009 09:03:48,2,1,447,18,215
08/31/2009 09:03:48,2,1,609,6,216
08/31/2009 09:03:48,2,1,433,6,217
08/31/2009 09:03:48,2,1,1938,1,218
08/31/2009 09:03:48,2,1,4039,1,219
08/31/2009 09:03:48,2,1,5192,1,220
08/31/2009 09:03:48,2,1,13254,19,221
08/31/2009 09:03:48,2,1,16654,1,222
08/31/2009 09:03:48,2,1,001333000002,1,223
08/31/2009 09:03:48,2,1,001277100004,1,224
08/31/2009 09:03:48,2,1,001319800008,1,225
08/31/2009 09:03:48,2,1,001339200000,1,226
