08/25/2009 08:57:41,2,8,000241900008,1,1
08/25/2009 08:57:41,2,8,000118100005,1,2
08/25/2009 08:57:41,2,8,000900400009,1,3
08/25/2009 08:57:41,2,8,000900400009,1,4
08/25/2009 08:57:41,2,8,000752500001,1,5
08/25/2009 08:57:41,2,8,000799700006,1,6
08/25/2009 08:57:41,2,8,000761400002,1,7
08/25/2009 08:57:41,2,8,000028400004,1,8
08/25/2009 08:57:41,2,8,000027300008,1,9
08/25/2009 08:57:41,2,8,001180300003,1,10
08/25/2009 08:57:41,2,8,6523,1,11
08/25/2009 08:57:41,2,8,000761400002,1,12
08/25/2009 08:57:41,2,8,000646600008,1,13
08/25/2009 08:57:41,2,8,000025900002,1,14
08/25/2009 08:57:41,2,8,5095,1,15
08/25/2009 08:57:41,2,8,000509700005,1,16
08/25/2009 08:57:41,2,8,000509700005,1,17
08/25/2009 08:57:41,2,8,000678000005,1,18
08/25/2009 08:57:41,2,8,000678000005,1,19
08/25/2009 08:57:41,2,8,000678000005,1,20
08/25/2009 08:57:41,2,8,001144500005,1,21
08/25/2009 08:57:41,2,8,001144500005,1,22
08/25/2009 08:57:41,2,8,001144500005,1,23
08/25/2009 08:57:41,2,8,001144500005,1,24
08/25/2009 08:57:41,2,8,000431700005,1,25
08/25/2009 08:57:41,2,8,000431700005,1,26
08/25/2009 08:57:41,2,8,000216900002,1,27
08/25/2009 08:57:41,2,8,001180900005,1,28
08/25/2009 08:57:41,2,8,001341300002,1,29
08/25/2009 08:57:41,2,8,11447,1,30
08/25/2009 08:57:41,2,8,1540,1,31
08/25/2009 08:57:41,2,8,001144500005,1,32
08/25/2009 08:57:41,2,8,001144500005,1,33
08/25/2009 08:57:41,2,8,001144500005,1,34
08/25/2009 08:57:41,2,8,000009700000,1,35
08/25/2009 08:57:41,2,8,2631,1,36
08/25/2009 08:57:41,2,8,000263100004,1,37
08/25/2009 08:57:41,2,8,000628700009,1,38
08/25/2009 08:57:41,2,8,516,1,39
08/25/2009 08:57:41,2,8,000750000008,1,40
08/25/2009 08:57:41,2,8,000230500004,1,41
08/25/2009 08:57:41,2,8,000780100006,1,42
08/25/2009 08:57:41,2,8,12636,1,43
08/25/2009 08:57:41,2,8,001344100005,1,44
08/25/2009 08:57:41,2,8,001331800000,1,45
08/25/2009 08:57:41,2,8,000028400004,1,46
08/25/2009 08:57:41,2,8,001170600007,1,47
08/25/2009 08:57:41,2,8,000490200003,1,48
08/25/2009 08:57:41,2,8,001170500000,1,49
08/25/2009 08:57:41,2,8,001170500000,1,50
08/25/2009 08:57:41,2,8,000682700007,1,51
08/25/2009 08:57:41,2,8,001315200000,1,52
08/25/2009 08:57:41,2,8,000586100002,1,53
08/25/2009 08:57:41,2,8,001239300008,1,54
08/25/2009 08:57:41,2,8,000586600007,1,55
08/25/2009 08:57:41,2,8,001258700001,1,56
08/25/2009 08:57:41,2,8,000680400008,1,57
08/25/2009 08:57:41,2,8,000680400008,1,58
08/25/2009 08:57:41,2,8,000680400008,1,59
08/25/2009 08:57:41,2,8,000682700007,1,60
08/25/2009 08:57:41,2,8,000589600004,1,61
08/25/2009 08:57:41,2,8,000589600004,1,62
08/25/2009 08:57:41,2,8,001170500000,1,63
08/25/2009 08:57:41,2,8,001170200009,1,64
08/25/2009 08:57:41,2,8,001170200009,1,65
08/25/2009 08:57:41,2,8,001170200009,1,66
08/25/2009 08:57:41,2,8,001170500000,1,67
08/25/2009 08:57:41,2,8,001170100002,1,68
08/25/2009 08:57:41,2,8,11701,1,69
08/25/2009 08:57:41,2,8,001170200009,1,70
08/25/2009 08:57:41,2,8,000751800003,1,71
08/25/2009 08:57:41,2,8,001083900003,1,72
08/25/2009 08:57:41,2,8,001083900003,1,73
08/25/2009 08:57:41,2,8,001169600001,1,74
08/25/2009 08:57:41,2,8,000676100004,1,75
08/25/2009 08:57:41,2,8,000201100004,1,76
08/25/2009 08:57:41,2,8,000385200002,1,77
08/25/2009 08:57:41,2,8,000385200002,1,78
08/25/2009 08:57:41,2,8,000415500003,1,79
08/25/2009 08:57:41,2,8,000532000004,1,80
08/25/2009 08:57:41,2,8,001317900007,1,81
08/25/2009 08:57:41,2,8,001214100005,1,82
08/25/2009 08:57:41,2,8,001214100005,1,83
08/25/2009 08:57:41,2,8,001214200002,1,84
08/25/2009 08:57:41,2,8,929,1,85
08/25/2009 08:57:41,2,8,000405800007,1,86
08/25/2009 08:57:41,2,8,001078600000,1,87
08/25/2009 08:57:41,2,8,000680100007,1,88
08/25/2009 08:57:41,2,8,000680100007,1,89
08/25/2009 08:57:41,2,8,000679500009,1,90
08/25/2009 08:57:41,2,8,000679600006,1,91
08/25/2009 08:57:41,2,8,001312000009,1,92
08/25/2009 08:57:41,2,8,001315300007,1,93
08/25/2009 08:57:41,2,8,000506800005,1,94
08/25/2009 08:57:41,2,8,001264700002,1,95
08/25/2009 08:57:41,2,8,001206200003,1,96
08/25/2009 08:57:41,2,8,001315300007,1,97
08/25/2009 08:57:41,2,8,001206200003,1,98
08/25/2009 08:57:41,2,8,000545200002,1,99
08/25/2009 08:57:41,2,8,000080400004,1,100
08/25/2009 08:57:41,2,8,10985,1,101
08/25/2009 08:57:41,2,8,10985,1,102
08/25/2009 08:57:41,2,8,5188,1,103
08/25/2009 08:57:41,2,8,001314800003,1,104
08/25/2009 08:57:41,2,8,001314800003,1,105
08/25/2009 08:57:41,2,8,000049600001,1,106
08/25/2009 08:57:41,2,8,2465,1,107
08/25/2009 08:57:41,2,8,7588,1,108
08/25/2009 08:57:41,2,8,000187100005,1,109
08/25/2009 08:57:41,2,8,001667400004,1,110
08/25/2009 08:57:41,2,8,000171200001,1,111
08/25/2009 08:57:41,2,8,001253700006,10,112
08/25/2009 08:57:41,2,8,000508400005,1,113
08/25/2009 08:57:41,2,8,000508400005,1,114
08/25/2009 08:57:41,2,8,000508400005,1,115
08/25/2009 08:57:41,2,8,000187100005,1,116
08/25/2009 08:57:41,2,8,000460900001,1,117
08/25/2009 08:57:41,2,8,000458900006,1,118
08/25/2009 08:57:41,2,8,000458900006,1,119
08/25/2009 08:57:41,2,8,000458900006,1,120
08/25/2009 08:57:41,2,8,000458900006,1,121
08/25/2009 08:57:41,2,8,000458900006,1,122
08/25/2009 08:57:41,2,8,000458900006,1,123
08/25/2009 08:57:41,2,8,000458900006,6,124
08/25/2009 08:57:41,2,8,000461000007,1,125
08/25/2009 08:57:41,2,8,000444300001,1,126
08/25/2009 08:57:41,2,8,000154400008,1,127
08/25/2009 08:57:41,2,8,000444400008,1,128
08/25/2009 08:57:41,2,8,000645500002,1,129
08/25/2009 08:57:41,2,8,000458900006,1,130
08/25/2009 08:57:41,2,8,000458900006,1,131
08/25/2009 08:57:41,2,8,001315500001,1,132
08/25/2009 08:57:41,2,8,12278,1,133
08/25/2009 08:57:41,2,8,12106,1,134
08/25/2009 08:57:41,2,8,000014300004,1,135
08/25/2009 08:57:41,2,8,001283500003,1,136
08/25/2009 08:57:41,2,8,000411400000,1,137
08/25/2009 08:57:41,2,8,001283500003,1,138
08/25/2009 08:57:41,2,8,001285400004,1,139
08/25/2009 08:57:41,2,8,000144900006,1,140
08/25/2009 08:57:41,2,8,000054500006,1,141
08/25/2009 08:57:41,2,8,000054500006,1,142
08/25/2009 08:57:41,2,8,245,1,143
08/25/2009 08:57:41,2,8,000395200009,1,144
08/25/2009 08:57:41,2,8,000050400003,1,145
08/25/2009 08:57:41,2,8,000487700004,1,146
08/25/2009 08:57:41,2,8,001363000003,1,147
08/25/2009 08:57:41,2,8,001241700001,1,148
08/25/2009 08:57:41,2,8,9394,1,149
08/25/2009 08:57:41,2,8,001033400003,1,150
08/25/2009 08:57:41,2,8,001033400003,1,151
08/25/2009 08:57:41,2,8,000013500009,1,152
08/25/2009 08:57:41,2,8,000012600007,1,153
08/25/2009 08:57:41,2,8,001237100006,1,154
08/25/2009 08:57:41,2,8,001237100006,1,155
08/25/2009 08:57:41,2,8,000494300006,1,156
08/25/2009 08:57:41,2,8,001077200003,1,157
08/25/2009 08:57:41,2,8,000410000003,1,158
08/25/2009 08:57:41,2,8,000452700008,1,159
08/25/2009 08:57:41,2,8,000585800002,1,160
08/25/2009 08:57:41,2,8,000030100008,1,161
08/25/2009 08:57:41,2,8,001335300001,1,162
08/25/2009 08:57:41,2,8,000531400003,1,163
08/25/2009 08:57:41,2,8,000531400003,1,164
08/25/2009 08:57:41,2,8,000531400003,1,165
08/25/2009 08:57:41,2,8,000531400003,1,166
08/25/2009 08:57:41,2,8,000531400003,1,167
08/25/2009 08:57:41,2,8,000531400003,1,168
08/25/2009 08:57:41,2,8,001039400007,1,169
08/25/2009 08:57:41,2,8,001280500006,1,170
08/25/2009 08:57:41,2,8,000410000003,1,171
08/25/2009 08:57:41,2,8,000452700008,1,172
08/25/2009 08:57:41,2,8,000452700008,1,173
08/25/2009 08:57:41,2,8,000452700008,1,174
08/25/2009 08:57:41,2,8,000452700008,1,175
08/25/2009 08:57:41,2,8,000452700008,1,176
08/25/2009 08:57:41,2,8,000053700001,1,177
08/25/2009 08:57:41,2,8,000849600003,1,178
08/25/2009 08:57:41,2,8,000051900007,1,179
08/25/2009 08:57:41,2,8,000053300003,1,180
08/25/2009 08:57:41,2,8,000053800008,1,181
08/25/2009 08:57:41,2,8,000410000003,1,182
08/25/2009 08:57:41,2,8,000410000003,1,183
08/25/2009 08:57:41,2,8,000410000003,1,184
08/25/2009 08:57:41,2,8,000410000003,1,185
08/25/2009 08:57:41,2,8,12998,6,186
08/25/2009 08:57:41,2,8,000030100008,1,187
08/25/2009 08:57:41,2,8,000030100008,1,188
08/25/2009 08:57:41,2,8,000030100008,1,189
08/25/2009 08:57:41,2,8,000030100008,1,190
08/25/2009 08:57:41,2,8,000030100008,1,191
08/25/2009 08:57:41,2,8,12578,1,192
08/25/2009 08:57:41,2,8,001212200004,1,193
08/25/2009 08:57:41,2,8,001212200004,1,194
08/25/2009 08:57:41,2,8,001212200004,1,195
08/25/2009 08:57:41,2,8,000376500005,1,196
08/25/2009 08:57:41,2,8,1134,1,197
08/25/2009 08:57:41,2,8,001098500007,1,198
08/25/2009 08:57:41,2,8,001098500007,1,199
08/25/2009 08:57:41,2,8,001098500007,1,200
08/25/2009 08:57:41,2,8,001098500007,1,201
08/25/2009 08:57:41,2,8,000210800001,1,202
08/25/2009 08:57:41,2,8,001322700005,1,203
08/25/2009 08:57:41,2,8,001336100006,6,204
08/25/2009 08:57:41,2,8,000043300006,6,205
08/25/2009 08:57:41,2,8,001169000009,1,206
08/25/2009 08:57:41,2,8,001174800007,1,207
08/25/2009 08:57:41,2,8,000044700003,1,208
08/25/2009 08:57:41,2,8,000044700003,5,209
08/25/2009 08:57:41,2,8,10840,1,210
08/25/2009 08:57:41,2,8,000413000000,1,211
08/25/2009 08:57:41,2,8,000636500004,1,212
08/25/2009 08:57:41,2,8,1134,1,213
08/25/2009 08:57:41,2,8,000376000000,1,214
08/25/2009 08:57:41,2,8,000432400003,4,215
08/25/2009 08:57:41,2,8,000124800005,5,216
08/25/2009 08:57:41,2,8,000124800005,1,217
08/25/2009 08:57:41,2,8,000432400003,1,218
08/25/2009 08:57:41,2,8,001142500007,1,219
08/25/2009 08:57:41,2,8,001142500007,1,220
08/25/2009 08:57:41,2,8,001142500007,1,221
08/25/2009 08:57:41,2,8,001142500007,1,222
08/25/2009 08:57:41,2,8,001142500007,1,223
08/25/2009 08:57:41,2,8,001142500007,1,224
08/25/2009 08:57:41,2,8,000278700008,1,225
08/25/2009 08:57:41,2,8,000008600004,1,226
08/25/2009 08:57:41,2,8,000008600004,1,227
08/25/2009 08:57:41,2,8,000756900005,1,228
08/25/2009 08:57:41,2,8,001106400008,1,229
08/25/2009 08:57:41,2,8,000521800004,1,230
08/25/2009 08:57:41,2,8,001155300007,1,231
08/25/2009 08:57:41,2,8,001280000001,1,232
08/25/2009 08:57:41,2,8,001239600009,1,233
08/25/2009 08:57:41,2,8,000550600002,1,234
08/25/2009 08:57:41,2,8,000449900008,1,235
08/25/2009 08:57:41,2,8,001326100009,1,236
08/25/2009 08:57:41,2,8,001361600007,1,237
08/25/2009 08:57:41,2,8,000449300006,1,238
08/25/2009 08:57:41,2,8,001239700006,1,239
08/25/2009 08:57:41,2,8,225319700001,1,240
08/25/2009 08:57:41,2,8,000522200001,1,241
08/25/2009 08:57:41,2,8,001319500007,1,242
08/25/2009 08:57:41,2,8,001667100003,1,243
08/25/2009 08:57:41,2,8,001314500002,1,244
08/25/2009 08:57:41,2,8,001323300006,1,245
08/25/2009 08:57:41,2,8,001277900000,1,246
08/25/2009 08:57:41,2,8,001060300000,1,247
08/25/2009 08:57:41,2,8,001277000007,1,248
08/25/2009 08:57:41,2,8,000513100006,1,249
08/25/2009 08:57:41,2,8,001303600003,1,250
08/25/2009 08:57:41,2,8,001323100002,1,251
08/25/2009 08:57:41,2,8,001281700009,1,252
08/25/2009 08:57:41,2,8,001165400001,1,253
08/25/2009 08:57:41,2,8,001221600000,1,254
08/25/2009 08:57:41,2,8,001282600001,1,255
08/25/2009 08:57:41,2,8,12084,1,256
08/25/2009 08:57:41,2,8,001329900002,1,257
08/25/2009 08:57:41,2,8,000577000007,1,258
08/25/2009 08:57:41,2,8,001330000005,1,259
08/25/2009 08:57:41,2,8,001299400007,1,260
08/25/2009 08:57:41,2,8,001299500004,1,261
08/25/2009 08:57:41,2,8,5801,1,262
08/25/2009 08:57:41,2,8,001330600007,1,263
08/25/2009 08:57:41,2,8,12098,1,264
08/25/2009 08:57:41,2,8,001212600002,1,265
08/25/2009 08:57:41,2,8,001165500008,1,266
08/25/2009 08:57:41,2,8,000577900000,1,267
08/25/2009 08:57:41,2,8,001225600006,1,268
08/25/2009 08:57:41,2,8,001294100001,1,269
08/25/2009 08:57:41,2,8,000578100003,1,270
08/25/2009 08:57:41,2,8,001314600009,1,271
08/25/2009 08:57:41,2,8,000077400000,1,272
08/25/2009 08:57:41,2,8,11703,1,273
08/25/2009 08:57:41,2,8,001171000004,1,274
08/25/2009 08:57:41,2,8,000430800003,1,275
08/25/2009 08:57:41,2,8,001327800007,1,276
08/25/2009 08:57:41,2,8,001291800003,1,277
08/25/2009 08:57:41,2,8,001291900000,1,278
08/25/2009 08:57:41,2,8,12698,1,279
08/25/2009 08:57:41,2,8,001344300009,1,280
08/25/2009 08:57:41,2,8,12896,1,281
08/25/2009 08:57:41,2,8,001332800009,1,282
08/25/2009 08:57:41,2,8,11511,1,283
08/25/2009 08:57:41,2,8,000077100009,1,284
08/25/2009 08:57:41,2,8,11699,1,285
08/25/2009 08:57:41,2,8,001325400001,1,286
08/25/2009 08:57:41,2,8,000239500005,1,287
08/25/2009 08:57:41,2,8,000679600006,1,288
08/25/2009 08:57:41,2,8,001233500008,1,289
08/25/2009 08:57:41,2,8,001314400005,1,290
08/25/2009 08:57:41,2,8,001314200001,1,291
08/25/2009 08:57:41,2,8,000399700000,1,292
08/25/2009 08:57:41,2,8,001255700004,1,293
08/25/2009 08:57:41,2,8,001242200005,1,294
08/25/2009 08:57:41,2,8,000448500001,1,295
08/25/2009 08:57:41,2,8,000535900004,1,296
08/25/2009 08:57:41,2,8,000430000007,1,297
08/25/2009 08:57:41,2,8,001307100004,1,298
08/25/2009 08:57:41,2,8,001667000006,1,299
08/25/2009 08:57:41,2,8,001329400007,1,300
08/25/2009 08:57:41,2,8,001319800008,1,301
08/25/2009 08:57:41,2,8,000587600006,1,302
08/25/2009 08:57:41,2,8,000135100002,1,303
08/25/2009 08:57:41,2,8,000135200009,1,304
08/25/2009 08:57:41,2,8,000135300006,1,305
08/25/2009 08:57:41,2,8,001311700009,1,306
08/25/2009 08:57:41,2,8,001294000004,1,307
08/25/2009 08:57:41,2,8,001289300003,1,308
08/25/2009 08:57:41,2,8,001311400008,1,309
08/25/2009 08:57:41,2,8,001311500005,1,310
08/25/2009 08:57:41,2,8,001289100009,1,311
08/25/2009 08:57:41,2,8,001327600003,1,312
08/25/2009 08:57:41,2,8,001311600002,1,313
08/25/2009 08:57:41,2,8,000436900004,1,314
08/25/2009 08:57:41,2,8,000438400007,1,315
08/25/2009 08:57:41,2,8,000438700008,1,316
08/25/2009 08:57:41,2,8,8406217400008,1,317
08/25/2009 08:57:41,2,8,2454,1,318
08/25/2009 08:57:41,2,8,5894,1,319
08/25/2009 08:57:41,2,8,001271700002,1,320
08/25/2009 08:57:41,2,8,001314100004,1,321
08/25/2009 08:57:41,2,8,001322900009,1,322
08/25/2009 08:57:41,2,8,000402500009,1,323
08/25/2009 08:57:41,2,8,6475,1,324
08/25/2009 08:57:41,2,8,000193600001,1,325
08/25/2009 08:57:41,2,8,001338800003,1,326
08/25/2009 08:57:41,2,8,001667400004,1,327
08/25/2009 08:57:41,2,8,488,1,328
08/25/2009 08:57:41,2,8,5116,1,329
08/25/2009 08:57:41,2,8,001665000008,1,330
08/25/2009 08:57:41,2,8,000482600002,1,331
08/25/2009 08:57:41,2,8,001664900002,1,332
08/25/2009 08:57:41,2,8,4603,1,333
08/25/2009 08:57:41,2,8,000855900005,1,334
08/25/2009 08:57:41,2,8,9394,1,335
08/25/2009 08:57:41,2,8,001231900008,1,336
08/25/2009 08:57:41,2,8,000760100002,1,337
08/25/2009 08:57:41,2,8,001127000003,1,338
08/25/2009 08:57:41,2,8,001361100002,1,339
08/25/2009 08:57:41,2,8,001167200005,1,340
08/25/2009 08:57:41,2,8,001285000006,1,341
08/25/2009 08:57:41,2,8,000760000005,1,342
08/25/2009 08:57:41,2,8,001664300000,1,343
08/25/2009 08:57:41,2,8,000760100002,1,344
08/25/2009 08:57:41,2,8,001361100002,1,345
08/25/2009 08:57:41,2,8,000636100006,1,346
08/25/2009 08:57:41,2,8,000074300006,1,347
08/25/2009 08:57:41,2,8,746,1,348
08/25/2009 08:57:41,2,8,12866,1,349
08/25/2009 08:57:41,2,8,12152,1,350
08/25/2009 08:57:41,2,8,5205,1,351
08/25/2009 08:57:41,2,8,6407667000000,1,352
08/25/2009 08:57:41,2,8,000403900006,1,353
08/25/2009 08:57:41,2,8,000387800002,1,354
08/25/2009 08:57:41,2,8,001033100002,1,355
08/25/2009 08:57:41,2,8,000193800005,1,356
08/25/2009 08:57:41,2,8,12430,1,357
08/25/2009 08:57:41,2,8,000206900005,1,358
08/25/2009 08:57:41,2,8,001212800006,1,359
08/25/2009 08:57:41,2,8,001238600000,1,360
08/25/2009 08:57:41,2,8,001212200004,1,361
08/25/2009 08:57:41,2,8,001206000009,1,362
08/25/2009 08:57:41,2,8,000388300006,1,363
08/25/2009 08:57:41,2,8,000054600003,1,364
08/25/2009 08:57:41,2,8,5234,1,365
08/25/2009 08:57:41,2,8,5730,1,366
08/25/2009 08:57:41,2,8,5232,1,367
08/25/2009 08:57:41,2,8,724,1,368
08/25/2009 08:57:41,2,8,785,1,369
08/25/2009 08:57:41,2,8,2844,1,370
08/25/2009 08:57:41,2,8,7607,1,371
08/25/2009 08:57:41,2,8,001215800003,1,372
08/25/2009 08:57:41,2,8,5727,1,373
08/25/2009 08:57:41,2,8,12190,1,374
08/25/2009 08:57:41,2,8,001338500002,1,375
08/25/2009 08:57:41,2,8,001215700006,1,376
08/25/2009 08:57:41,2,8,12637,1,377
08/25/2009 08:57:41,2,8,001328300001,1,378
08/25/2009 08:57:41,2,8,000024300001,1,379
08/25/2009 08:57:41,2,8,001212000000,1,380
08/25/2009 08:57:41,2,8,001351500003,1,381
08/25/2009 08:57:41,2,8,001212700009,1,382
08/25/2009 08:57:41,2,8,000824800008,1,383
08/25/2009 08:57:41,2,8,8249,1,384
08/25/2009 08:57:41,2,8,000825000001,1,385
08/25/2009 08:57:41,2,8,5378,1,386
08/25/2009 08:57:41,2,8,001067800008,1,387
08/25/2009 08:57:41,2,8,000167300005,1,388
08/25/2009 08:57:41,2,8,000000900003,1,389
08/25/2009 08:57:41,2,8,001089700003,1,390
08/25/2009 08:57:41,2,8,001665100005,1,391
08/25/2009 08:57:41,2,8,000393300008,1,392
08/25/2009 08:57:41,2,8,000406800006,1,393
08/25/2009 08:57:41,2,8,001242000001,1,394
08/25/2009 08:57:41,2,8,12093,1,395
08/25/2009 08:57:41,2,8,000593000005,1,396
08/25/2009 08:57:41,2,8,000592900009,1,397
08/25/2009 08:57:41,2,8,000173800001,1,398
08/25/2009 08:57:41,2,8,001084100006,1,399
08/25/2009 08:57:41,2,8,001311000000,1,400
08/25/2009 08:57:41,2,8,001330800001,1,401
08/25/2009 08:57:41,2,8,12093,1,402
08/25/2009 08:57:41,2,8,000397300004,1,403
08/25/2009 08:57:41,2,8,000409500002,1,404
08/25/2009 08:57:41,2,8,001211600003,1,405
08/25/2009 08:57:41,2,8,001339900009,1,406
08/25/2009 08:57:41,2,8,001239000007,1,407
08/25/2009 08:57:41,2,8,001211400009,1,408
08/25/2009 08:57:41,2,8,000015900005,1,409
08/25/2009 08:57:41,2,8,001319400000,1,410
08/25/2009 08:57:41,2,8,000522700006,1,411
08/25/2009 08:57:41,2,8,001331400002,1,412
08/25/2009 08:57:41,2,8,1614,1,413
08/25/2009 08:57:41,2,8,13592,1,414
08/25/2009 08:57:41,2,8,529,1,415
08/25/2009 08:57:41,2,8,6289,1,416
08/25/2009 08:57:41,2,8,13177,1,417
08/25/2009 08:57:41,2,8,12286,1,418
08/25/2009 08:57:41,2,8,12392,1,419
08/25/2009 08:57:41,2,8,000251500007,1,420
08/25/2009 08:57:41,2,8,000586200009,1,421
08/25/2009 08:57:41,2,8,448937200009,1,422
08/25/2009 08:57:41,2,8,8580,1,423
08/25/2009 08:57:41,2,8,001341000001,1,424
08/25/2009 08:57:41,2,8,001258700001,1,425
08/25/2009 08:57:41,2,8,11538,1,426
08/25/2009 08:57:41,2,8,000431000006,1,427
08/25/2009 08:57:41,2,8,000586400003,1,428
08/25/2009 08:57:41,2,8,000414300000,1,429
08/25/2009 08:57:41,2,8,001279200009,1,430
08/25/2009 08:57:41,2,8,10515,1,431
08/25/2009 08:57:41,2,8,000586600007,1,432
08/25/2009 08:57:41,2,8,000680400008,1,434
08/25/2009 08:57:41,2,8,001337900001,1,435
08/25/2009 08:57:41,2,8,001338000007,1,436
08/25/2009 08:57:41,2,8,001325900006,1,437
08/25/2009 08:57:41,2,8,000682700007,1,438
08/25/2009 08:57:41,2,8,000682700007,1,439
08/25/2009 08:57:41,2,8,11696,1,440
08/25/2009 08:57:41,2,8,11701,1,441
08/25/2009 08:57:41,2,8,001323600007,1,442
08/25/2009 08:57:41,2,8,12633,1,443
08/25/2009 08:57:41,2,8,000589600004,1,444
08/25/2009 08:57:41,2,8,000486100003,1,445
08/25/2009 08:57:41,2,8,001263200008,1,446
08/25/2009 08:57:41,2,8,001263100001,1,447
08/25/2009 08:57:41,2,8,000147500005,1,448
08/25/2009 08:57:41,2,8,000467300002,1,449
08/25/2009 08:57:41,2,8,000397400001,1,450
08/25/2009 08:57:41,2,8,000397400001,1,451
08/25/2009 08:57:41,2,8,001337500003,1,452
08/25/2009 08:57:41,2,8,001325800009,1,453
08/25/2009 08:57:41,2,8,001310400009,1,454
08/25/2009 08:57:41,2,8,000201100004,1,455
08/25/2009 08:57:41,2,8,001324000004,1,456
08/25/2009 08:57:41,2,8,001344700007,1,457
08/25/2009 08:57:41,2,8,001344700007,1,458
08/25/2009 08:57:41,2,8,001323900008,1,459
08/25/2009 08:57:41,2,8,001339200000,1,460
08/25/2009 08:57:41,2,8,000175900006,1,461
08/25/2009 08:57:41,2,8,001323700004,1,462
08/25/2009 08:57:41,2,8,001323800001,1,463
08/25/2009 08:57:41,2,8,001337400006,1,464
08/25/2009 08:57:41,2,8,000458100000,1,465
08/25/2009 08:57:41,2,8,000117000009,1,466
08/25/2009 08:57:41,2,8,001285700005,1,467
08/25/2009 08:57:41,2,8,4979,1,468
08/25/2009 08:57:41,2,8,000383700009,9,469
08/25/2009 08:57:41,2,8,000043400003,1,470
08/25/2009 08:57:41,2,8,001348300005,1,471
08/25/2009 08:57:41,2,8,000677300007,1,472
08/25/2009 08:57:41,2,8,001317400002,1,473
08/25/2009 08:57:41,2,8,001222000007,1,474
08/25/2009 08:57:41,2,8,000508600009,1,475
08/25/2009 08:57:41,2,8,000377300000,1,476
08/25/2009 08:57:41,2,8,000385100005,1,477
08/25/2009 08:57:41,2,8,001351200002,1,478
08/25/2009 08:57:41,2,8,001342800006,1,479
08/25/2009 08:57:41,2,8,001342700009,1,480
08/25/2009 08:57:41,2,8,001342700009,5,481
08/25/2009 08:57:41,2,8,001665400006,1,482
08/25/2009 08:57:41,2,8,001286400003,1,483
08/25/2009 08:57:41,2,8,001132100002,1,484
08/25/2009 08:57:41,2,8,001346300007,1,485
08/25/2009 08:57:41,2,8,001286100002,1,486
08/25/2009 08:57:41,2,8,001299700008,1,487
08/25/2009 08:57:41,2,8,5263,1,488
08/25/2009 08:57:41,2,8,001256300005,1,489
08/25/2009 08:57:41,2,8,001340500007,1,490
08/25/2009 08:57:41,2,8,001340300003,1,491
08/25/2009 08:57:41,2,8,13429,1,492
08/25/2009 08:57:41,2,8,000011900009,1,493
08/25/2009 08:57:41,2,8,000010200001,1,494
08/25/2009 08:57:41,2,8,4155,1,495
08/25/2009 08:57:41,2,8,000455900009,1,496
08/25/2009 08:57:41,2,8,4298,1,497
08/25/2009 08:57:41,2,8,000676100004,1,498
08/25/2009 08:57:41,2,8,001315300007,1,499
08/25/2009 08:57:41,2,8,12574,1,500
08/25/2009 08:57:41,2,8,001232500009,1,501
08/25/2009 08:57:41,2,8,001298900003,1,502
08/25/2009 08:57:41,2,8,000033600000,1,503
08/25/2009 08:57:41,2,8,000404400000,1,504
08/25/2009 08:57:41,2,8,4482,1,505
08/25/2009 08:57:41,2,8,001346200000,1,506
08/25/2009 08:57:41,2,8,000679000004,1,507
08/25/2009 08:57:41,2,8,000580000001,1,508
08/25/2009 08:57:41,2,8,9020,1,509
08/25/2009 08:57:41,2,8,12078,1,510
08/25/2009 08:57:41,2,8,000567900003,1,511
08/25/2009 08:57:41,2,8,000014200007,1,512
08/25/2009 08:57:41,2,8,000055200004,1,513
08/25/2009 08:57:41,2,8,000677400004,2,514
08/25/2009 08:57:41,2,8,3889,1,515
08/25/2009 08:57:41,2,8,333,1,516
08/25/2009 08:57:41,2,8,000277800006,1,517
08/25/2009 08:57:41,2,8,000115700000,1,518
08/25/2009 08:57:41,2,8,000120300004,1,519
08/25/2009 08:57:41,2,8,001356800009,1,520
08/25/2009 08:57:41,2,8,000980000007,1,521
08/25/2009 08:57:41,2,8,000115500006,1,522
08/25/2009 08:57:41,2,8,000115500006,1,523
08/25/2009 08:57:41,2,8,1798,1,524
08/25/2009 08:57:41,2,8,1798,1,525
08/25/2009 08:57:41,2,8,000181400002,1,526
08/25/2009 08:57:41,2,8,710,1,527
08/25/2009 08:57:41,2,8,000115300002,1,528
08/25/2009 08:57:41,2,8,1206,1,529
08/25/2009 08:57:41,2,8,000115200005,1,530
08/25/2009 08:57:41,2,8,1798,1,531
08/25/2009 08:57:41,2,8,000997300008,1,532
08/25/2009 08:57:41,2,8,000997300008,1,533
08/25/2009 08:57:41,2,8,000997300008,2,534
08/25/2009 08:57:41,2,8,000431000006,1,535
08/25/2009 08:57:41,2,8,001279200009,1,536
08/25/2009 08:57:41,2,8,001042800009,1,537
08/25/2009 08:57:41,2,8,001107300000,1,538
08/25/2009 08:57:41,2,8,000515700006,1,539
08/25/2009 08:57:41,2,8,000589600004,1,540
08/25/2009 08:57:41,2,8,001107300000,1,541
08/25/2009 08:57:41,2,8,000515700006,1,542
08/25/2009 08:57:41,2,8,000251500007,1,543
08/25/2009 08:57:41,2,8,001328500005,1,544
08/25/2009 08:57:41,2,8,000589600004,1,545
08/25/2009 08:57:41,2,8,000251500007,1,546
08/25/2009 08:57:41,2,8,000589600004,1,547
08/25/2009 08:57:41,2,8,000589600004,1,548
08/25/2009 08:57:41,2,8,000515700006,1,549
08/25/2009 08:57:41,2,8,001239500002,1,550
08/25/2009 08:57:41,2,8,001174700000,1,551
08/25/2009 08:57:41,2,8,000628900003,1,552
08/25/2009 08:57:41,2,8,000628900003,1,553
08/25/2009 08:57:41,2,8,001170100002,1,554
08/25/2009 08:57:41,2,8,12584,1,555
08/25/2009 15:07:07,2,8,1283,1,1
08/25/2009 15:07:07,2,8,000573500006,1,2
08/25/2009 15:07:07,2,8,001353000006,1,3
08/25/2009 15:07:07,2,8,001341100008,1,4
08/25/2009 15:07:07,2,8,001242400009,1,5
08/25/2009 15:07:07,2,8,001352700006,1,6
08/25/2009 15:07:07,2,8,13246,2,7
08/25/2009 15:07:07,2,8,001292000006,1,8
08/25/2009 15:07:07,2,8,001240700002,1,9
08/25/2009 15:07:07,2,8,001332700002,1,10
08/25/2009 15:07:07,2,8,2001,1,11
08/25/2009 15:07:07,2,8,001113900003,1,12
08/25/2009 15:07:07,2,8,001324300005,1,13
08/25/2009 15:07:07,2,8,001292100003,1,14
08/25/2009 15:07:07,2,8,001338200001,1,15
08/25/2009 15:07:07,2,8,001113800006,1,16
08/25/2009 15:07:07,2,8,001310100008,1,17
08/25/2009 15:07:07,2,8,4629,1,18
08/25/2009 15:07:07,2,8,13522,1,19
08/25/2009 15:07:07,2,8,11648,1,20
08/25/2009 15:07:07,2,8,000996500003,1,21
08/25/2009 15:07:07,2,8,13026,1,22
08/25/2009 15:07:07,2,8,12062,1,23
08/25/2009 15:07:07,2,8,13103,1,24
08/25/2009 15:07:07,2,8,12068,1,25
08/25/2009 15:07:07,2,8,001264700002,1,26
08/25/2009 15:07:07,2,8,000928900000,1,27
08/25/2009 15:07:07,2,8,001667300007,1,28
08/25/2009 15:07:07,2,8,12406,1,29
08/25/2009 15:07:07,2,8,001333600004,1,30
08/25/2009 15:07:07,2,8,000680400008,1,31
08/25/2009 15:07:07,2,8,000680400008,1,32
08/25/2009 15:07:07,2,8,001228600003,1,33
08/25/2009 15:07:07,2,8,001234500007,1,34
08/25/2009 15:07:07,2,8,001228600003,1,35
08/25/2009 15:07:07,2,8,001258600004,1,36
08/25/2009 15:07:07,2,8,001268100006,1,37
08/25/2009 15:07:07,2,8,001202100000,1,38
08/25/2009 15:07:07,2,8,001228400009,1,39
08/25/2009 15:07:07,2,8,001300800000,1,40
08/25/2009 15:07:07,2,8,000842500003,1,41
08/25/2009 15:07:07,2,8,001078600000,1,42
08/25/2009 15:07:07,2,8,001315900009,1,43
08/25/2009 15:07:07,2,8,001099300002,1,44
08/25/2009 15:07:07,2,8,001328000000,1,45
08/25/2009 15:07:07,2,8,000174100001,1,46
08/25/2009 15:07:07,2,8,000083800009,1,47
08/25/2009 15:07:07,2,8,11650,1,48
08/25/2009 15:07:07,2,8,001033400003,1,49
08/25/2009 15:07:07,2,8,001033400003,1,50
08/25/2009 15:07:07,2,8,001159800008,1,51
08/25/2009 15:07:07,2,8,001286200009,1,52
08/25/2009 15:07:07,2,8,5300,1,53
08/25/2009 15:07:07,2,8,000829300008,1,54
08/25/2009 15:07:07,2,8,001151800006,1,55
08/25/2009 15:07:07,2,8,001151800006,1,56
08/25/2009 15:07:07,2,8,001151800006,1,57
08/25/2009 15:07:07,2,8,001151800006,1,58
08/25/2009 15:07:07,2,8,001151800006,1,59
08/25/2009 15:07:07,2,8,001051400009,1,60
08/25/2009 15:07:07,2,8,001051400009,1,61
08/25/2009 15:07:07,2,8,001308400004,1,62
08/25/2009 15:07:07,2,8,001214200002,1,63
08/25/2009 15:07:07,2,8,001214200002,1,64
08/25/2009 15:07:07,2,8,001329000009,1,65
08/25/2009 15:07:07,2,8,001051400009,1,66
08/25/2009 15:07:07,2,8,9292,1,67
08/25/2009 15:07:07,2,8,11208,1,68
08/25/2009 15:07:07,2,8,001666400005,1,69
08/25/2009 15:07:07,2,8,000571600005,1,70
08/25/2009 15:07:07,2,8,001665900001,1,71
08/25/2009 15:07:07,2,8,001092500003,1,72
08/25/2009 15:07:07,2,8,8957,1,73
08/25/2009 15:07:07,2,8,001666200001,1,74
08/25/2009 15:07:07,2,8,001666300008,1,75
08/25/2009 15:07:07,2,8,001665800004,1,76
08/25/2009 15:07:07,2,8,001666100004,1,77
08/25/2009 15:07:07,2,8,001665600000,1,78
08/25/2009 15:07:07,2,8,001665700007,1,79
08/25/2009 15:07:07,2,8,001665500003,1,80
08/25/2009 15:07:07,2,8,001249500009,1,81
08/25/2009 15:07:07,2,8,001666000007,1,82
08/25/2009 15:07:07,2,8,4875,1,83
08/25/2009 15:07:07,2,8,000542900004,1,84
08/25/2009 15:07:07,2,8,001255200009,1,85
08/25/2009 15:07:07,2,8,001285700005,1,86
08/25/2009 15:07:07,2,8,000677400004,1,87
08/25/2009 15:07:07,2,8,000760600007,1,88
08/25/2009 15:07:07,2,8,000009300002,1,89
08/25/2009 15:07:07,2,8,000773800005,1,90
08/25/2009 15:07:07,2,8,000058900000,1,91
08/25/2009 15:07:07,2,8,6430532000003,1,92
08/25/2009 15:07:07,2,8,001666900000,1,93
08/25/2009 15:07:07,2,8,001274500005,1,94
08/25/2009 15:07:07,2,8,13333,1,95
08/25/2009 15:07:07,2,8,678,1,96
08/25/2009 15:07:07,2,8,000552600000,1,97
08/25/2009 15:07:07,2,8,001343200003,1,98
08/25/2009 15:07:07,2,8,001343500004,1,99
08/25/2009 15:07:07,2,8,000510300003,1,100
08/25/2009 15:07:07,2,8,001287800000,1,101
08/25/2009 15:07:07,2,8,000519400001,1,102
08/25/2009 15:07:07,2,8,001318300004,1,103
08/25/2009 15:07:07,2,8,1712,1,104
08/25/2009 15:07:07,2,8,13327,1,105
08/25/2009 15:07:07,2,8,11757,1,106
08/25/2009 15:07:07,2,8,13351,1,107
08/25/2009 15:07:07,2,8,12524,1,108
08/25/2009 15:07:07,2,8,13253,1,109
08/25/2009 15:07:07,2,8,13003,1,110
08/25/2009 15:07:07,2,8,4883,1,111
08/25/2009 15:07:07,2,8,2114,1,112
08/25/2009 15:07:07,2,8,13164,1,113
08/25/2009 15:07:07,2,8,12129,1,114
08/25/2009 15:07:07,2,8,4902,1,115
08/25/2009 15:07:07,2,8,13180,1,116
08/25/2009 15:07:07,2,8,13347,1,117
08/25/2009 15:07:07,2,8,13389,1,118
08/25/2009 15:07:07,2,8,5068,1,119
08/25/2009 15:07:07,2,8,12168,1,120
08/25/2009 15:07:07,2,8,13557,1,121
08/25/2009 15:07:07,2,8,5208,1,122
08/25/2009 15:07:07,2,8,13152,1,123
08/25/2009 15:07:07,2,8,13344,1,124
08/25/2009 15:07:07,2,8,13342,1,125
08/25/2009 15:07:07,2,8,12816,1,126
08/25/2009 15:07:07,2,8,13345,1,127
08/25/2009 15:07:07,2,8,8283,1,128
08/25/2009 15:07:07,2,8,12151,1,129
08/25/2009 15:07:07,2,8,13102,1,130
08/25/2009 15:07:07,2,8,4826,1,131
08/25/2009 15:07:07,2,8,13524,1,132
08/25/2009 15:07:07,2,8,5264,1,133
08/25/2009 15:07:07,2,8,13241,1,134
08/25/2009 15:07:07,2,8,4958,1,135
08/25/2009 15:07:07,2,8,12645,1,136
08/25/2009 15:07:07,2,8,001362900007,1,137
08/25/2009 15:07:07,2,8,001362900007,1,138
08/25/2009 15:07:07,2,8,000554100003,1,139
08/25/2009 15:07:07,2,8,000554300007,1,140
08/25/2009 15:07:07,2,8,001112900004,1,141
08/25/2009 15:07:07,2,8,000383000000,1,142
08/25/2009 15:07:07,2,8,000097600008,1,143
08/25/2009 15:07:07,2,8,000097600008,1,144
08/25/2009 15:07:07,2,8,001282400007,1,145
08/25/2009 15:07:07,2,8,000380400001,1,146
08/25/2009 15:07:07,2,8,000380400094,1,147
08/25/2009 15:07:07,2,8,000380400001,1,148
08/25/2009 15:07:07,2,8,12830,4,149
08/25/2009 15:07:07,2,8,001362900007,1,150
08/25/2009 15:07:07,2,8,001350600001,1,151
08/25/2009 15:07:07,2,8,001350600001,1,152
08/25/2009 15:07:07,2,8,001350300000,1,153
08/25/2009 16:16:09,2,8,001350200003,1,1
08/25/2009 16:16:09,2,8,001350200003,1,2
08/25/2009 16:16:09,2,8,001350400007,1,3
08/25/2009 16:16:09,2,8,5610,1,4
08/25/2009 16:16:09,2,8,000096300008,1,5
08/25/2009 16:16:09,2,8,1787,1,6
08/25/2009 16:16:09,2,8,000123300001,1,7
08/25/2009 16:16:09,2,8,000176200006,1,8
08/25/2009 16:16:09,2,8,678,1,9
08/25/2009 16:16:09,2,8,5695,1,10
08/25/2009 16:16:09,2,8,001362800000,1,11
08/25/2009 16:16:09,2,8,001741770009,1,12
08/25/2009 16:16:09,2,8,1745,1,13
08/25/2009 16:16:09,2,8,6860,1,14
08/25/2009 16:16:09,2,8,4119,1,15
08/25/2009 16:16:09,2,8,12225,1,16
08/25/2009 16:16:09,2,8,1286,1,17
08/25/2009 16:16:09,2,8,11196,2,18
08/25/2009 16:16:09,2,8,13489,1,19
08/25/2009 16:16:09,2,8,13490,1,20
08/25/2009 16:16:09,2,8,12740,1,21
08/25/2009 16:16:09,2,8,11200,3,22
08/25/2009 16:16:09,2,8,3799,4,23
08/25/2009 16:16:09,2,8,1273,13,24
08/25/2009 16:16:09,2,8,13615,3,25
08/25/2009 16:16:09,2,8,13614,2,26
08/25/2009 16:16:09,2,8,13368,4,27
08/25/2009 16:16:09,2,8,12836,3,28
08/25/2009 16:16:09,2,8,11489,2,29
08/25/2009 16:16:09,2,8,11462,2,30
08/25/2009 16:16:09,2,8,9989,1,31
08/25/2009 16:16:09,2,8,13465,1,32
08/25/2009 16:16:09,2,8,12847,1,33
08/25/2009 16:16:09,2,8,1101,1,34
08/25/2009 16:16:09,2,8,826,1,35
08/25/2009 16:16:09,2,8,5511,1,36
08/25/2009 16:16:09,2,8,8423,1,37
08/25/2009 16:16:09,2,8,12239,2,38
08/25/2009 16:16:09,2,8,4324,1,39
08/25/2009 16:16:09,2,8,9987,4,40
08/25/2009 16:16:09,2,8,586,10,41
08/25/2009 16:16:09,2,8,871,2,42
08/25/2009 16:16:09,2,8,931,1,43
08/25/2009 16:16:09,2,8,1100,1,44
08/25/2009 16:16:09,2,8,1281,1,45
08/25/2009 16:16:09,2,8,9926,4,46
08/25/2009 16:16:09,2,8,867,1,47
08/25/2009 16:16:09,2,8,3776,1,48
08/25/2009 16:16:09,2,8,5518,3,49
08/25/2009 16:16:09,2,8,858,1,50
08/25/2009 16:16:09,2,8,858,2,51
08/25/2009 16:16:09,2,8,3404,5,52
08/25/2009 16:16:09,2,8,1129,2,53
08/25/2009 16:16:09,2,8,3782,1,54
08/25/2009 16:16:09,2,8,3781,1,55
08/25/2009 16:16:09,2,8,11368,3,56
08/25/2009 16:16:09,2,8,691,4,57
08/25/2009 16:16:09,2,8,1169,2,58
08/25/2009 16:16:09,2,8,1271,3,59
08/25/2009 16:16:09,2,8,1273,2,60
08/25/2009 16:16:09,2,8,11368,2,61
08/25/2009 16:16:09,2,8,847,2,62
08/25/2009 16:16:09,2,8,13506,1,63
08/25/2009 16:16:09,2,8,5576,1,64
08/25/2009 16:16:09,2,8,12740,1,65
08/25/2009 16:16:09,2,8,12727,1,66
08/25/2009 16:16:09,2,8,5708,1,67
08/25/2009 16:16:09,2,8,1077,1,68
08/25/2009 16:16:09,2,8,13501,1,69
08/25/2009 16:16:09,2,8,13503,2,70
08/25/2009 16:16:09,2,8,12824,2,71
08/26/2009 08:38:14,2,8,858,1,1
08/26/2009 08:38:14,2,8,13581,2,2
08/26/2009 08:38:14,2,8,11352,1,3
08/26/2009 08:38:14,2,8,1283,5,4
08/26/2009 08:38:14,2,8,11369,1,5
08/26/2009 08:38:14,2,8,11197,1,6
08/26/2009 08:38:14,2,8,1170,2,7
08/26/2009 08:38:14,2,8,9800,1,8
08/26/2009 08:38:14,2,8,5605,1,9
08/26/2009 08:38:14,2,8,13484,1,10
08/26/2009 08:38:14,2,8,13485,1,11
08/26/2009 08:38:14,2,8,6700,1,12
08/26/2009 08:38:14,2,8,13474,2,13
08/26/2009 08:38:14,2,8,1169,1,14
08/26/2009 08:38:14,2,8,937,1,15
08/26/2009 08:38:14,2,8,12825,1,16
08/26/2009 08:38:14,2,8,9940,1,17
08/26/2009 08:38:14,2,8,9939,1,18
08/26/2009 08:38:14,2,8,13483,1,19
08/26/2009 08:38:14,2,8,13482,1,20
08/26/2009 08:38:14,2,8,1104,1,21
08/26/2009 08:38:14,2,8,668,1,22
08/26/2009 08:38:14,2,8,13534,1,23
08/26/2009 08:38:14,2,8,12901,1,24
08/26/2009 08:38:14,2,8,635,2,25
08/26/2009 08:38:14,2,8,12367,1,26
08/26/2009 08:38:14,2,8,1289,1,27
08/26/2009 08:38:14,2,8,12264,1,28
08/26/2009 08:38:14,2,8,12325,1,29
08/26/2009 08:38:14,2,8,1173,1,30
08/26/2009 08:38:14,2,8,9981,3,31
08/26/2009 08:38:14,2,8,13625,1,32
08/26/2009 08:38:14,2,8,976,1,33
08/26/2009 08:38:14,2,8,10996,1,34
08/26/2009 08:38:14,2,8,1013,1,35
08/26/2009 08:38:14,2,8,977,1,36
08/26/2009 08:38:14,2,8,5511,1,37
08/26/2009 08:38:14,2,8,862,1,38
08/26/2009 08:38:14,2,8,5515,3,39
08/26/2009 08:38:14,2,8,12700,2,40
08/26/2009 08:38:14,2,8,9800,1,41
08/26/2009 08:38:14,2,8,12719,1,42
08/26/2009 08:38:14,2,8,12,1,43
08/26/2009 08:38:14,2,8,934,2,44
08/26/2009 08:38:14,2,8,3766,1,45
08/26/2009 08:38:14,2,8,1297,1,46
08/26/2009 08:38:14,2,8,696,5,47
08/26/2009 08:38:14,2,8,1204,1,48
08/26/2009 08:38:14,2,8,1209,1,49
08/26/2009 08:38:14,2,8,942,2,50
08/26/2009 08:38:14,2,8,940,1,51
08/26/2009 08:38:14,2,8,12323,7,5208/26/2009 08:31:22,2,8,5548,1,1
08/26/2009 08:31:22,2,8,13567,1,2
08/26/2009 08:31:22,2,8,11129,1,3
08/26/2009 08:31:22,2,8,11488,1,4
08/26/2009 08:31:22,2,8,11488,1,5
08/26/2009 08:31:22,2,8,1242,1,6
08/26/2009 08:31:22,2,8,13453,1,7
08/26/2009 08:31:22,2,8,11207,1,8
08/26/2009 08:31:22,2,8,944,1,9
08/26/2009 08:31:22,2,8,944,1,10
08/26/2009 08:31:22,2,8,1062,4,11
08/26/2009 08:31:22,2,8,9905,2,12
08/26/2009 08:31:22,2,8,5545,1,13
08/26/2009 08:31:22,2,8,5543,1,14
08/26/2009 08:31:22,2,8,5546,2,15
08/26/2009 08:31:22,2,8,5549,1,16
08/26/2009 08:31:22,2,8,460,4,17
08/26/2009 08:31:22,2,8,11489,1,18
08/26/2009 08:31:22,2,8,13507,1,19
08/26/2009 08:31:22,2,8,11125,1,20
08/26/2009 08:31:22,2,8,1063,2,21
08/26/2009 08:31:22,2,8,5712,1,22
08/26/2009 08:31:22,2,8,5511,1,23
08/26/2009 08:31:22,2,8,866,1,24
08/26/2009 08:31:22,2,8,868,5,25
08/26/2009 08:31:22,2,8,11122,5,26
08/26/2009 08:31:22,2,8,11123,3,27
08/26/2009 08:31:22,2,8,12732,1,28
08/26/2009 08:31:22,2,8,3821,2,29
08/26/2009 08:31:22,2,8,12733,1,30
08/26/2009 08:31:22,2,8,12734,1,31
08/26/2009 08:31:22,2,8,841,2,32
08/26/2009 08:31:22,2,8,12271,2,33
08/26/2009 08:31:22,2,8,48,2,34
08/26/2009 08:31:22,2,8,12235,1,35
08/26/2009 08:31:22,2,8,5593,1,36
08/26/2009 08:31:22,2,8,13479,1,37
08/26/2009 08:31:22,2,8,12825,2,38
08/26/2009 08:31:22,2,8,12739,1,39
08/26/2009 08:31:22,2,8,13508,1,40
08/26/2009 08:31:22,2,8,12854,1,41
08/26/2009 08:31:22,2,8,5576,2,42
08/26/2009 08:31:22,2,8,5537,1,43
08/26/2009 08:31:22,2,8,5530,1,44
08/26/2009 08:31:22,2,8,5577,1,45
08/26/2009 08:31:22,2,8,5540,1,46
08/26/2009 08:31:22,2,8,13450,2,47
08/26/2009 08:31:22,2,8,13452,1,48
08/26/2009 08:31:22,2,8,844,1,49
08/26/2009 08:31:22,2,8,13507,2,50
08/26/2009 08:31:22,2,8,13462,1,51
08/26/2009 08:31:22,2,8,13463,2,52
08/26/2009 08:31:22,2,8,13461,1,53
08/26/2009 08:31:22,2,8,5593,1,54
08/26/2009 08:31:22,2,8,13461,1,55
08/26/2009 08:31:22,2,8,13478,2,56
08/26/2009 08:31:22,2,8,13573,2,57
08/26/2009 08:31:22,2,8,858,3,58
08/26/2009 08:31:22,2,8,944,1,59
08/26/2009 08:31:22,2,8,1323,2,60
08/26/2009 08:31:22,2,8,3788,1,61
08/26/2009 08:31:22,2,8,9986,2,62
08/26/2009 08:31:22,2,8,9987,1,63
08/26/2009 08:31:22,2,8,9993,1,64
08/26/2009 08:31:22,2,8,13537,1,65
08/26/2009 08:31:22,2,8,964,1,66
08/26/2009 08:31:22,2,8,13477,1,67
08/26/2009 08:31:22,2,8,13464,1,68
08/26/2009 08:31:22,2,8,13567,1,69
08/26/2009 08:31:22,2,8,10111,3,70
08/26/2009 08:31:22,2,8,12736,1,71
08/26/2009 08:31:22,2,8,1005,1,72
08/26/2009 08:31:22,2,8,1013,1,73
08/26/2009 08:31:22,2,8,545,1,74
08/26/2009 08:31:22,2,8,919,4,75
08/26/2009 08:31:22,2,8,6581,2,76
08/26/2009 08:31:22,2,8,5279,1,77
08/26/2009 08:31:22,2,8,5273,1,78
08/26/2009 08:31:22,2,8,13629,6,79
08/26/2009 08:31:22,2,8,13537,1,80

