09/15/2009 09:00:55,2,9,000015900005,1,1
09/15/2009 09:00:55,2,9,000416400005,1,2
09/15/2009 09:00:55,2,9,000384100006,1,3
09/15/2009 09:00:55,2,9,001665100005,1,4
09/15/2009 09:00:55,2,9,000167300005,1,5
09/15/2009 09:00:55,2,9,000393300008,1,6
09/15/2009 09:00:55,2,9,000406900003,1,7
09/15/2009 09:00:55,2,9,738,1,8
09/15/2009 09:00:55,2,9,000824800008,1,9
09/15/2009 09:00:55,2,9,000825000001,1,10
09/15/2009 09:00:55,2,9,12616,1,11
09/15/2009 09:00:55,2,9,12128,1,12
09/15/2009 09:00:55,2,9,000593000005,1,13
09/15/2009 09:00:55,2,9,001232500009,1,14
09/15/2009 09:00:55,2,9,000193800005,1,15
09/15/2009 09:00:55,2,9,000193600001,1,16
09/15/2009 09:00:55,2,9,000592900009,1,17
09/15/2009 09:00:55,2,9,000207200005,1,18
09/15/2009 09:00:55,2,9,000022500007,1,19
09/15/2009 09:00:55,2,9,001212900003,1,20
09/15/2009 09:00:55,2,9,12821,1,21
09/15/2009 09:00:55,2,9,000397300004,1,22
09/15/2009 09:00:55,2,9,001242000001,1,23
09/15/2009 09:00:55,2,9,12129,1,24
09/15/2009 09:00:55,2,9,001206000009,1,25
09/15/2009 09:00:55,2,9,001206000009,1,26
09/15/2009 09:00:55,2,9,001212200004,1,27
09/15/2009 09:00:55,2,9,001212200004,1,28
09/15/2009 09:00:55,2,9,001238600000,1,29
09/15/2009 09:00:55,2,9,8249,1,30
09/15/2009 09:00:55,2,9,000284400008,1,31
09/15/2009 09:00:55,2,9,000024300001,1,32
09/15/2009 09:00:55,2,9,12650,1,33
09/15/2009 09:00:55,2,9,000523300007,1,34
09/15/2009 09:00:55,2,9,000389500009,1,35
09/15/2009 09:00:55,2,9,000407100006,1,36
09/15/2009 09:00:55,2,9,000072500002,1,37
09/15/2009 09:00:55,2,9,001293500000,1,38
09/15/2009 09:00:55,2,9,001212000000,1,39
09/15/2009 09:00:55,2,9,000388300006,1,40
09/15/2009 09:00:55,2,9,001338400005,1,41
09/15/2009 09:00:55,2,9,12158,1,42
09/15/2009 09:00:55,2,9,11654,1,43
09/15/2009 09:00:55,2,9,000923300003,1,44
09/15/2009 09:00:55,2,9,001330600007,1,45
09/15/2009 09:00:55,2,9,000224800004,1,46
09/15/2009 09:00:55,2,9,000580100008,1,47
09/15/2009 09:00:55,2,9,12460,1,48
09/15/2009 09:00:55,2,9,5179,1,49
09/15/2009 09:00:55,2,9,000517600007,1,50
09/15/2009 09:00:55,2,9,13299,1,51
09/15/2009 09:00:55,2,9,001282600001,1,52
09/15/2009 09:00:55,2,9,000549400002,1,53
09/15/2009 09:00:55,2,9,001208600009,1,54
09/15/2009 09:00:55,2,9,12939,1,55
09/15/2009 09:00:55,2,9,13521,1,56
09/15/2009 09:00:55,2,9,000577000007,1,57
09/15/2009 09:00:55,2,9,001299400007,1,58
09/15/2009 09:00:55,2,9,001299500004,1,59
09/15/2009 09:00:55,2,9,12996,1,60
09/15/2009 09:00:55,2,9,000577900000,1,61
09/15/2009 09:00:55,2,9,000577100004,1,62
09/15/2009 09:00:55,2,9,001312000009,1,63
09/15/2009 09:00:55,2,9,000419800000,1,64
09/15/2009 09:00:55,2,9,000429300002,1,65
09/15/2009 09:00:55,2,9,000512200004,1,66
09/15/2009 09:00:55,2,9,000679500009,1,67
09/15/2009 09:00:55,2,9,000680100007,1,68
09/15/2009 09:00:55,2,9,001210800008,1,69
09/15/2009 09:00:55,2,9,001301700002,1,70
09/15/2009 09:00:55,2,9,13331,1,71
09/15/2009 09:00:55,2,9,001233500008,1,72
09/15/2009 09:00:55,2,9,000679600006,1,73
09/15/2009 09:00:55,2,9,000239500005,1,74
09/15/2009 09:00:55,2,9,001671500004,1,75
09/15/2009 09:00:55,2,9,001309400003,1,76
09/15/2009 09:00:55,2,9,001670000000,1,77
09/15/2009 09:00:55,2,9,001315700005,1,78
09/15/2009 09:00:55,2,9,13233,1,79
09/15/2009 09:00:55,2,9,13394,1,80
09/15/2009 09:00:55,2,9,5894,1,81
09/15/2009 09:00:55,2,9,13296,1,82
09/15/2009 09:00:55,2,9,13278,1,83
09/15/2009 09:00:55,2,9,13443,1,84
09/15/2009 09:00:55,2,9,000436300002,1,85
09/15/2009 09:00:55,2,9,000436900004,1,86
09/15/2009 09:00:55,2,9,000437900003,1,87
09/15/2009 09:00:55,2,9,4308,1,88
09/15/2009 09:00:55,2,9,000439100005,1,89
09/15/2009 09:00:55,2,9,774,1,90
09/15/2009 09:00:55,2,9,000438200003,1,91
09/15/2009 09:00:55,2,9,001302200006,1,92
09/15/2009 09:00:55,2,9,16671,1,93
09/15/2009 09:00:55,2,9,4485,1,94
09/15/2009 09:00:55,2,9,13023,1,95
09/15/2009 09:00:55,2,9,001242200005,1,96
09/15/2009 09:00:55,2,9,000536400008,1,97
09/15/2009 09:00:55,2,9,5565,1,98
09/15/2009 09:00:55,2,9,000518900007,1,99
09/15/2009 09:00:55,2,9,001271700002,1,100
09/15/2009 09:00:55,2,9,000148100006,1,101
09/15/2009 09:00:55,2,9,000513100006,1,102
09/15/2009 09:00:55,2,9,001323100002,1,103
09/15/2009 09:00:55,2,9,001323100002,1,104
09/15/2009 09:00:55,2,9,001303500006,1,105
09/15/2009 09:00:55,2,9,001254800002,1,106
09/15/2009 09:00:55,2,9,001669900007,1,107
09/15/2009 09:00:55,2,9,001323200009,1,108
09/15/2009 09:00:55,2,9,000148800005,1,109
09/15/2009 09:00:55,2,9,000148200003,1,110
09/15/2009 09:00:55,2,9,001277000007,1,111
09/15/2009 09:00:55,2,9,001325400001,10,112
09/15/2009 09:00:55,2,9,001060300000,1,113
09/15/2009 09:00:55,2,9,000083700002,1,114
09/15/2009 09:00:55,2,9,001294000004,1,115
09/15/2009 09:00:55,2,9,001311700009,1,116
09/15/2009 09:00:55,2,9,001311400008,1,117
09/15/2009 09:00:55,2,9,001289200006,1,118
09/15/2009 09:00:55,2,9,001289300003,1,119
09/15/2009 09:00:55,2,9,001333900005,1,120
09/15/2009 09:00:55,2,9,1353,1,121
09/15/2009 09:00:55,2,9,1352,1,122
09/15/2009 09:00:55,2,9,3997,1,123
09/15/2009 09:00:55,2,9,4834,1,124
09/15/2009 09:00:55,2,9,4025,1,125
09/15/2009 09:00:55,2,9,001338600009,1,126
09/15/2009 09:00:55,2,9,13328,1,127
09/15/2009 09:00:55,2,9,000077100009,1,128
09/15/2009 09:00:55,2,9,000547800002,1,129
09/15/2009 09:00:55,2,9,5359,1,130
09/15/2009 09:00:55,2,9,001667000006,1,131
09/15/2009 09:00:55,2,9,5240,1,132
09/15/2009 09:00:55,2,9,001319700001,1,133
09/15/2009 09:00:55,2,9,13255,1,134
09/15/2009 09:00:55,2,9,001247600008,1,135
09/15/2009 09:00:55,2,9,000514400006,1,136
09/15/2009 09:00:55,2,9,5852,1,137
09/15/2009 09:00:55,2,9,3775,1,138
09/15/2009 09:00:55,2,9,3774,1,139
09/15/2009 09:00:55,2,9,001253500002,1,140
09/15/2009 09:00:55,2,9,001210000002,1,141
09/15/2009 09:00:55,2,9,000678800001,1,142
09/15/2009 09:00:55,2,9,000135300006,1,143
09/15/2009 09:00:55,2,9,000524300006,1,144
09/15/2009 09:00:55,2,9,12397,1,145
09/15/2009 09:00:55,2,9,000581400008,1,146
09/15/2009 09:00:55,2,9,12261,1,147
09/15/2009 09:00:55,2,9,001227900005,1,148
09/15/2009 09:00:55,2,9,13261,1,149
09/15/2009 09:00:55,2,9,001239600009,1,150
09/15/2009 09:00:55,2,9,000584400005,1,151
09/15/2009 09:00:55,2,9,13019,1,152
09/15/2009 09:00:55,2,9,000585100003,1,153
09/15/2009 09:00:55,2,9,000676600009,1,154
09/15/2009 09:00:55,2,9,000629200003,1,155
09/15/2009 09:00:55,2,9,12794,1,156
09/15/2009 09:00:55,2,9,000676700006,1,157
09/15/2009 09:00:55,2,9,000449900008,1,158
09/15/2009 09:00:55,2,9,001672700007,1,159
09/15/2009 09:00:55,2,9,001323500000,1,160
09/15/2009 09:00:55,2,9,001671200003,1,161
09/15/2009 09:00:55,2,9,001671300000,1,162
09/15/2009 09:00:55,2,9,001338100004,1,163
09/15/2009 09:00:55,2,9,000680400008,1,164
09/15/2009 09:00:55,2,9,001671000009,1,165
09/15/2009 09:00:55,2,9,001671100006,1,166
09/15/2009 09:00:55,2,9,000680400008,1,167
09/15/2009 10:22:37,2,9,001323600007,1,1
09/15/2009 10:22:37,2,9,000200100005,1,2
09/15/2009 10:22:37,2,9,001672000008,1,3
09/15/2009 10:22:37,2,9,001672000008,1,4
09/15/2009 10:22:37,2,9,001672000008,1,5
09/15/2009 10:22:37,2,9,001324100001,1,6
09/15/2009 10:22:37,2,9,000682900001,1,7
09/15/2009 10:22:37,2,9,000682900001,1,8
09/15/2009 10:22:37,2,9,000682900001,1,9
09/15/2009 10:22:37,2,9,001671400007,1,10
09/15/2009 10:22:37,2,9,001170200009,1,11
09/15/2009 10:22:37,2,9,001338000007,1,12
09/15/2009 10:22:37,2,9,001325900006,1,13
09/15/2009 10:22:37,2,9,000858000009,1,14
09/15/2009 10:22:37,2,9,000201100004,1,15
09/15/2009 10:22:37,2,9,000201100004,1,16
09/15/2009 10:22:37,2,9,001323700004,1,17
09/15/2009 10:22:37,2,9,000175900006,1,18
09/15/2009 10:22:37,2,9,000680200004,1,19
09/15/2009 10:22:37,2,9,001339200000,1,20
09/15/2009 10:22:37,2,9,000414300000,1,21
09/15/2009 10:22:37,2,9,001169500004,1,22
09/15/2009 10:22:37,2,9,001170600007,1,23
09/15/2009 10:22:37,2,9,000222800006,1,24
09/15/2009 10:22:37,2,9,001042900006,1,25
09/15/2009 10:22:37,2,9,001169600001,1,26
09/15/2009 10:22:37,2,9,000221200005,1,27
09/15/2009 10:22:37,2,9,001170500000,1,28
09/15/2009 10:22:37,2,9,001170100002,1,29
09/15/2009 10:22:37,2,9,001170100002,1,30
09/15/2009 10:22:37,2,9,001170000005,1,31
09/15/2009 10:22:37,2,9,001151800006,1,32
09/15/2009 10:22:37,2,9,001151800006,1,33
09/15/2009 10:22:37,2,9,001151800006,1,34
09/15/2009 10:22:37,2,9,001214000008,1,35
09/15/2009 10:22:37,2,9,001170200009,1,36
09/15/2009 10:22:37,2,9,12581,1,37
09/15/2009 10:22:37,2,9,13282,1,38
09/15/2009 10:22:37,2,9,001339200000,1,39
09/15/2009 10:22:37,2,9,001170100002,1,40
09/15/2009 10:22:37,2,9,000682700007,1,41
09/15/2009 10:22:37,2,9,000682700007,1,42
09/15/2009 10:22:37,2,9,000682700007,1,43
09/15/2009 10:22:37,2,9,001151800006,1,44
09/15/2009 10:22:37,2,9,001214000008,1,45
09/15/2009 10:22:37,2,9,001151800006,1,46
09/15/2009 10:22:37,2,9,001214000008,1,47
09/15/2009 10:22:37,2,9,11139,1,48
09/15/2009 10:22:37,2,9,000683200001,1,49
09/15/2009 10:22:37,2,9,001258800008,1,50
09/15/2009 10:22:37,2,9,000431000006,1,51
09/15/2009 10:22:37,2,9,001258300003,1,52
09/15/2009 10:22:37,2,9,001228600003,1,53
09/15/2009 10:22:37,2,9,001228500006,1,54
09/15/2009 10:22:37,2,9,001234500007,1,55
09/15/2009 10:22:37,2,9,001318500008,1,56
09/15/2009 10:22:37,2,9,001309800001,1,57
09/15/2009 10:22:37,2,9,000688800008,1,58
09/15/2009 10:22:37,2,9,001280300002,1,59
09/15/2009 10:22:37,2,9,001353000006,1,60
09/15/2009 10:22:37,2,9,001339600008,1,61
09/15/2009 10:22:37,2,9,001343800005,1,62
09/15/2009 10:22:37,2,9,001667600008,1,63
09/15/2009 10:22:37,2,9,001294600006,1,64
09/15/2009 10:22:37,2,9,001310400009,1,65
09/15/2009 10:22:37,2,9,000586200009,1,66
09/15/2009 10:22:37,2,9,000586200009,1,67
09/15/2009 10:22:37,2,9,001239300008,1,68
09/15/2009 10:22:37,2,9,001258700001,1,69
09/15/2009 10:22:37,2,9,12715,1,70
09/15/2009 10:22:37,2,9,001341000001,1,71
09/15/2009 10:22:37,2,9,000586100002,1,72
09/15/2009 10:22:37,2,9,000414300000,1,73
09/15/2009 10:22:37,2,9,000628900003,1,74
09/15/2009 10:22:37,2,9,12284,1,75
09/15/2009 10:22:37,2,9,13286,1,76
09/15/2009 10:22:37,2,9,12582,1,77
09/15/2009 10:22:37,2,9,001283500003,1,78
09/15/2009 10:22:37,2,9,001300800000,1,79
09/15/2009 10:22:37,2,9,001300800000,1,80
09/15/2009 10:22:37,2,9,001239500002,1,81
09/15/2009 10:22:37,2,9,001239500002,1,82
09/15/2009 10:22:37,2,9,001324000004,1,83
09/15/2009 10:22:37,2,9,001668400003,1,84
09/15/2009 10:22:37,2,9,001344800004,1,85
09/15/2009 10:22:37,2,9,001344700007,1,86
09/15/2009 10:22:37,2,9,000676100004,1,87
09/15/2009 10:22:37,2,9,001274300001,1,88
09/15/2009 10:22:37,2,9,001274300001,1,89
09/15/2009 10:22:37,2,9,001315300007,1,90
09/15/2009 10:22:37,2,9,001315300007,1,91
09/15/2009 10:22:37,2,9,001332700002,1,92
09/15/2009 10:22:37,2,9,001315200000,1,93
09/15/2009 10:22:37,2,9,001666600009,1,94
09/15/2009 10:22:37,2,9,000870400009,1,95
09/15/2009 10:22:37,2,9,000530200000,1,96
09/15/2009 10:22:37,2,9,000929200000,1,97
09/15/2009 10:22:37,2,9,001315900009,1,98
09/15/2009 10:22:37,2,9,4296,1,99
09/15/2009 10:22:37,2,9,001118200009,1,100
09/15/2009 10:22:37,2,9,001288200007,1,101
09/15/2009 10:22:37,2,9,000676400005,1,102
09/15/2009 10:22:37,2,9,001316100002,1,103
09/15/2009 10:22:37,2,9,001324600006,1,104
09/15/2009 10:22:37,2,9,001329000009,1,105
09/15/2009 10:22:37,2,9,16644,1,106
09/15/2009 10:22:37,2,9,00130110,1,107
09/15/2009 10:22:37,2,9,001672100005,1,108
09/15/2009 10:22:37,2,9,001317800000,1,109
09/15/2009 10:22:37,2,9,001672200002,1,110
09/15/2009 10:22:37,2,9,001308400004,1,111
09/15/2009 10:22:37,2,9,000489000003,1,112
09/15/2009 10:22:37,2,9,000489000003,1,113
09/15/2009 10:22:37,2,9,001338900000,1,114
09/15/2009 10:22:37,2,9,001341700000,1,115
09/15/2009 10:22:37,2,9,001342000000,1,116
09/15/2009 10:22:37,2,9,000530700005,1,117
09/15/2009 10:22:37,2,9,000530700005,1,118
09/15/2009 10:22:37,2,9,000842500003,1,119
09/15/2009 10:22:37,2,9,000842500003,1,120
09/15/2009 10:22:37,2,9,13531,1,121
09/15/2009 10:22:37,2,9,001286900008,1,122
09/15/2009 10:22:37,2,9,1118,1,123
09/15/2009 10:22:37,2,9,13143,1,124
09/15/2009 10:22:37,2,9,001285800002,1,125
09/15/2009 10:22:37,2,9,001285800002,1,126
09/15/2009 10:22:37,2,9,000431200000,1,127
09/15/2009 10:22:37,2,9,001242100008,1,128
09/15/2009 10:22:37,2,9,1600,1,129
09/15/2009 10:22:37,2,9,000680100007,1,130
09/15/2009 10:22:37,2,9,001255900008,1,131
09/15/2009 10:22:37,2,9,16665,1,132
09/15/2009 10:22:37,2,9,13605,1,133
09/15/2009 10:22:37,2,9,16653,1,134
09/15/2009 10:22:37,2,9,000760300006,1,135
09/15/2009 10:22:37,2,9,001334300002,1,136
09/15/2009 10:22:37,2,9,11768,1,137
09/15/2009 10:22:37,2,9,126,1,138
09/15/2009 10:22:37,2,9,001340700001,1,139
09/15/2009 10:22:37,2,9,001672400006,1,140
09/15/2009 10:22:37,2,9,4384,1,141
09/15/2009 10:22:37,2,9,000437400008,1,142
09/15/2009 10:22:37,2,9,001672500003,1,143
09/15/2009 10:22:37,2,9,001669000004,1,144
09/15/2009 10:22:37,2,9,001669000004,1,145
09/15/2009 10:22:37,2,9,000439100005,1,146
09/15/2009 10:22:37,2,9,000436900004,1,147
09/15/2009 10:22:37,2,9,001231100002,1,148
09/15/2009 10:22:37,2,9,001231200009,1,149
09/15/2009 10:22:37,2,9,5866,1,150
09/15/2009 10:22:37,2,9,001082600003,1,151
09/15/2009 10:22:37,2,9,001327000001,1,152
09/15/2009 10:22:37,2,9,000385200002,1,153
09/15/2009 10:22:37,2,9,001322700005,1,154
09/15/2009 10:22:37,2,9,135,1,155
09/15/2009 10:22:37,2,9,001327100008,1,156
09/15/2009 10:22:37,2,9,000929200000,1,157
09/15/2009 10:22:37,2,9,000929200000,1,158
09/15/2009 10:22:37,2,9,000929200000,1,159
09/15/2009 10:22:37,2,9,000419800000,1,160
09/15/2009 11:05:31,2,9,001327700000,1,1
09/15/2009 11:05:31,2,9,000135300006,1,2
09/15/2009 11:05:31,2,9,000135200009,1,3
09/15/2009 11:05:31,2,9,107,1,4
09/15/2009 11:05:31,2,9,001334500006,1,5
09/15/2009 11:05:31,2,9,001334400009,1,6
09/15/2009 11:05:31,2,9,000679600006,1,7
09/15/2009 11:05:31,2,9,000679600006,1,8
09/15/2009 11:05:31,2,9,001113800006,1,9
09/15/2009 11:05:31,2,9,001319600004,1,10
09/15/2009 11:05:31,2,9,001242900004,1,11
09/15/2009 11:05:31,2,9,001325400001,1,12
09/15/2009 11:05:31,2,9,001233500008,1,13
09/15/2009 11:05:31,2,9,000430800003,1,14
09/15/2009 11:05:31,2,9,001228400009,1,15
09/15/2009 11:05:31,2,9,001228400009,1,16
09/15/2009 11:05:31,2,9,001294100001,1,17
09/15/2009 11:05:31,2,9,001294100001,1,18
09/15/2009 11:05:31,2,9,001323100002,1,19
09/15/2009 11:05:31,2,9,001671500004,1,20
09/15/2009 11:05:31,2,9,001239300008,1,21
09/15/2009 11:05:31,2,9,001303500006,1,22
09/15/2009 11:05:31,2,9,001325600005,1,23
09/15/2009 11:05:31,2,9,001325600005,1,24
09/15/2009 11:05:31,2,9,001277000007,1,25
09/15/2009 11:05:31,2,9,000490200003,1,26
09/15/2009 11:05:31,2,9,001341000001,1,27
09/15/2009 11:05:31,2,9,001341000001,1,28
09/15/2009 11:05:31,2,9,000377400007,1,29
09/15/2009 11:05:31,2,9,000536400008,1,30
09/15/2009 11:05:31,2,9,000536400008,1,31
09/15/2009 11:05:31,2,9,001302300003,1,32
09/15/2009 11:05:31,2,9,4310,1,33
09/15/2009 11:05:31,2,9,000587300005,1,34
09/15/2009 11:05:31,2,9,000587300005,1,35
09/15/2009 11:05:31,2,9,001353300007,1,36
09/15/2009 11:05:31,2,9,001247600008,1,37
09/15/2009 11:05:31,2,9,001268100006,1,38
09/15/2009 11:05:31,2,9,001316500000,1,39
09/15/2009 11:05:31,2,9,000072300008,1,40
09/15/2009 11:05:31,2,9,001229800006,1,41
09/15/2009 11:05:31,2,9,001229800006,1,42
09/15/2009 11:05:31,2,9,001229900003,1,43
09/15/2009 11:05:31,2,9,16674,1,44
09/15/2009 11:05:31,2,9,001347700004,1,45
09/15/2009 11:05:31,2,9,000559300002,1,46
09/15/2009 11:05:31,2,9,000670000003,1,47
09/15/2009 11:05:31,2,9,001134700002,1,48
09/15/2009 11:05:31,2,9,13474,1,49
09/15/2009 11:05:31,2,9,13474,1,50
09/15/2009 11:05:31,2,9,000552200002,1,51
09/15/2009 11:05:31,2,9,13141,1,52
09/15/2009 11:05:31,2,9,13382,1,53
09/15/2009 11:05:31,2,9,13569,1,54
09/15/2009 11:05:31,2,9,001338200001,1,55
09/15/2009 11:05:31,2,9,001323900008,1,56
09/15/2009 09:03:24,2,9,001274600002,1,1
09/15/2009 09:03:24,2,9,000033500003,1,2
09/15/2009 09:03:24,2,9,000404400000,1,3
09/15/2009 09:03:24,2,9,000645100004,1,4
09/15/2009 09:03:24,2,9,12114,1,5
09/15/2009 09:03:24,2,9,227,1,6
09/15/2009 09:03:24,2,9,13308,1,7
09/15/2009 09:03:24,2,9,13164,1,8
09/15/2009 09:03:24,2,9,12115,2,9
09/15/2009 09:03:24,2,9,000538300009,1,10
09/15/2009 09:03:24,2,9,000150800000,1,11
09/15/2009 09:03:24,2,9,001098500007,1,12
09/15/2009 09:03:24,2,9,13149,1,13
09/15/2009 09:03:24,2,9,001098600004,1,14
09/15/2009 09:03:24,2,9,5452,1,15
09/15/2009 09:03:24,2,9,804,1,16
09/15/2009 09:03:24,2,9,001216000006,1,17
09/15/2009 09:03:24,2,9,16690,1,18
09/15/2009 09:03:24,2,9,001283500003,1,19
09/15/2009 09:03:24,2,9,000009100008,1,20
09/15/2009 09:03:24,2,9,001207800004,1,21
09/15/2009 09:03:24,2,9,000010200001,1,22
09/15/2009 09:03:24,2,9,4573,1,23
09/15/2009 09:03:24,2,9,001672400006,1,24
09/15/2009 09:03:24,2,9,001669100001,1,25
09/15/2009 09:03:24,2,9,001319900005,1,26
09/15/2009 09:03:24,2,9,000524800001,1,27
09/15/2009 09:03:24,2,9,000460000008,1,28
09/15/2009 09:03:24,2,9,001664300000,1,29
09/15/2009 09:03:24,2,9,001666900000,1,30
09/15/2009 09:03:24,2,9,4600,1,31
09/15/2009 09:03:24,2,9,000683700006,1,32
09/15/2009 09:03:24,2,9,000017100007,1,33
09/15/2009 09:03:24,2,9,000014200007,1,34
09/15/2009 09:03:24,2,9,000053700001,1,35
09/15/2009 09:03:24,2,9,001256300005,1,36
09/15/2009 09:03:24,2,9,001041400002,1,37
09/15/2009 09:03:24,2,9,1206,1,38
09/15/2009 09:03:24,2,9,13110,1,39
09/15/2009 09:03:24,2,9,1080,1,40
09/15/2009 09:03:24,2,9,001197600004,1,41
09/15/2009 09:03:24,2,9,12181,1,42
09/15/2009 09:03:24,2,9,16691,1,43
09/15/2009 09:03:24,2,9,447,6,44
09/15/2009 09:03:24,2,9,13127,1,45
09/15/2009 09:03:24,2,9,10414,1,46
09/15/2009 09:03:24,2,9,000048800006,1,47
09/15/2009 09:03:24,2,9,12579,1,48
09/15/2009 09:03:24,2,9,5652,1,49
09/15/2009 09:03:24,2,9,13174,1,50
09/15/2009 09:03:24,2,9,5757,1,51
09/15/2009 09:03:24,2,9,000511600003,1,52
09/15/2009 09:03:24,2,9,12905,1,53
09/15/2009 09:03:24,2,9,9348,1,54
09/15/2009 09:03:24,2,9,4101,1,55
09/15/2009 09:03:24,2,9,4100,6,56
09/15/2009 09:03:24,2,9,670,2,57
09/15/2009 09:03:24,2,9,001011600005,1,58
09/15/2009 09:03:24,2,9,10027,1,59
09/15/2009 09:03:24,2,9,13570,1,60
09/15/2009 09:03:24,2,9,669,1,61
09/15/2009 09:03:24,2,9,1697,1,62
09/15/2009 09:03:24,2,9,5164,1,63
09/15/2009 09:03:24,2,9,001287600006,1,64
09/15/2009 09:03:24,2,9,000552600000,1,65
09/15/2009 09:03:24,2,9,12669,1,66
09/15/2009 09:03:24,2,9,13435,1,67
09/15/2009 09:03:24,2,9,12880,1,68
09/15/2009 09:03:24,2,9,12880,1,69
09/15/2009 09:03:24,2,9,001333300003,1,70
09/15/2009 09:03:24,2,9,4603,1,71
09/15/2009 09:03:24,2,9,5525,1,72
09/15/2009 09:03:24,2,9,1712,1,73
09/15/2009 09:03:24,2,9,13177,1,74
09/15/2009 09:03:24,2,9,13179,1,75
09/15/2009 09:03:24,2,9,488,1,76
09/15/2009 09:03:24,2,9,4463,1,77
09/15/2009 09:03:24,2,9,12767,1,78
09/15/2009 09:03:24,2,9,12645,1,79
09/15/2009 09:03:24,2,9,13180,1,80
09/15/2009 09:03:24,2,9,5116,1,81
09/15/2009 09:03:24,2,9,13127,1,82
09/15/2009 09:03:24,2,9,001667300007,1,83
09/15/2009 09:03:24,2,9,13026,1,84
09/15/2009 09:03:24,2,9,001315300007,1,85
09/15/2009 09:03:24,2,9,16674,1,86
09/15/2009 09:03:24,2,9,12848,1,87
09/15/2009 09:03:24,2,9,000488300005,1,88
09/15/2009 09:03:24,2,9,12866,1,89
09/15/2009 09:03:24,2,9,001325300004,1,90
09/15/2009 09:03:24,2,9,000074100002,1,91
09/15/2009 09:03:24,2,9,4188,1,92
09/15/2009 09:03:24,2,9,000636100006,1,93
09/15/2009 09:03:24,2,9,13140,1,94
09/15/2009 09:03:24,2,9,13101,1,95
09/15/2009 09:03:24,2,9,13102,1,96
09/15/2009 09:03:24,2,9,13103,1,97
09/15/2009 09:03:24,2,9,13356,1,98
09/15/2009 09:03:24,2,9,5068,1,99
09/15/2009 09:03:24,2,9,001264700002,1,100
09/15/2009 09:03:24,2,9,12151,1,101
09/15/2009 09:03:24,2,9,001281600002,1,102
09/15/2009 09:03:24,2,9,001324800000,1,103
09/15/2009 09:03:24,2,9,001023900001,1,104
09/15/2009 09:03:24,2,9,001023900001,1,105
09/15/2009 09:03:24,2,9,001023900001,1,106
09/15/2009 09:03:24,2,9,10828,1,107
09/15/2009 09:03:24,2,9,10923,1,108
09/15/2009 09:03:24,2,9,8412,1,109
09/15/2009 09:03:24,2,9,2305,1,110
09/15/2009 09:03:24,2,9,8512,1,111
09/15/2009 09:03:24,2,9,000795100008,1,112
09/15/2009 09:03:24,2,9,000026100005,1,113
09/15/2009 09:03:24,2,9,9043,1,114
09/15/2009 09:03:24,2,9,12653,1,115
09/15/2009 09:03:24,2,9,9043,1,116
09/15/2009 09:03:24,2,9,1344,1,117
09/15/2009 09:03:24,2,9,000578400004,6,118
09/15/2009 09:03:24,2,9,001278500001,1,119
09/15/2009 09:03:24,2,9,000050700004,1,120
09/15/2009 09:03:24,2,9,000585800002,1,121
09/15/2009 09:03:24,2,9,001294900007,1,122
09/15/2009 09:03:24,2,9,001156100002,6,123
09/15/2009 09:03:24,2,9,000012000005,1,124
09/15/2009 09:03:24,2,9,367,1,125
09/15/2009 09:03:24,2,9,12805,1,126
09/15/2009 09:03:24,2,9,001285100003,1,127
09/15/2009 09:03:24,2,9,000229800009,1,128
09/15/2009 09:03:24,2,9,001285100003,1,129
09/15/2009 09:03:24,2,9,001285100003,1,130
09/15/2009 09:03:24,2,9,000229800009,1,131
09/15/2009 09:03:24,2,9,000652300008,1,132
09/15/2009 09:03:24,2,9,001341400009,1,133
09/15/2009 09:03:24,2,9,000900400009,1,134
09/15/2009 09:03:24,2,9,001341400009,1,135
09/15/2009 09:03:24,2,9,000803500004,1,136
09/15/2009 09:03:24,2,9,000230500004,1,137
09/15/2009 09:03:24,2,9,001341400009,1,138
09/15/2009 09:03:24,2,9,000900400009,1,139
09/15/2009 09:03:24,2,9,000900400009,1,140
09/15/2009 09:03:24,2,9,000900400009,1,141
09/15/2009 09:03:24,2,9,000026200002,1,142
09/15/2009 09:03:24,2,9,000678000005,1,143
09/15/2009 09:03:24,2,9,000645300008,1,144
09/15/2009 09:03:24,2,9,1135,1,145
09/15/2009 09:03:24,2,9,000759700008,1,146
09/15/2009 09:03:24,2,9,8558,1,147
09/15/2009 09:03:24,2,9,000855900005,1,148
09/15/2009 09:03:24,2,9,13633,1,149
09/15/2009 09:03:24,2,9,5748,1,150
09/15/2009 09:03:24,2,9,12220,1,151
09/15/2009 09:03:24,2,9,12797,2,152
09/15/2009 09:03:24,2,9,12796,4,153
09/15/2009 09:03:24,2,9,6259,1,154
09/15/2009 09:03:24,2,9,1181,5,155
09/15/2009 09:03:24,2,9,13440,1,156
09/15/2009 09:03:24,2,9,13413,1,157
09/15/2009 09:03:24,2,9,000118400006,2,158
09/15/2009 09:03:24,2,9,000054300002,1,159
09/15/2009 09:03:24,2,9,273,1,160
09/15/2009 09:03:24,2,9,000761400002,1,161
09/15/2009 09:03:24,2,9,12503,1,162
09/15/2009 09:03:24,2,9,000677400004,1,163
09/15/2009 09:03:24,2,9,001131300007,1,164
09/15/2009 09:03:24,2,9,562,1,165
09/15/2009 09:03:24,2,9,001224600007,1,166
09/15/2009 09:03:24,2,9,000760100002,1,167
09/15/2009 09:03:24,2,9,4042,1,168
09/15/2009 09:03:24,2,9,12527,1,169
09/15/2009 09:03:24,2,9,11270,1,170
09/15/2009 09:03:24,2,9,976994,1,171
09/15/2009 09:03:24,2,9,001282300000,1,172
09/15/2009 09:03:24,2,9,4940,1,173
09/15/2009 09:03:24,2,9,000773800005,1,174
09/15/2009 09:03:24,2,9,001316200009,1,175
09/15/2009 09:03:24,2,9,000895700009,1,176
09/15/2009 09:03:24,2,9,000792600006,1,177
09/15/2009 09:03:24,2,9,000895700009,1,178
09/15/2009 09:03:24,2,9,000055300001,1,179
09/15/2009 09:03:24,2,9,5486,1,180
09/15/2009 09:03:24,2,9,000055200004,1,181
09/15/2009 09:03:24,2,9,001132100002,1,182
09/15/2009 09:03:24,2,9,000529200004,1,183
09/15/2009 09:03:24,2,9,433,6,184
09/15/2009 09:03:24,2,9,13371,1,185
09/15/2009 09:03:24,2,9,000552200002,1,186
09/15/2009 09:03:24,2,9,12357,1,187
09/15/2009 09:03:24,2,9,001293500000,1,188
09/15/2009 09:03:24,2,9,001293500000,1,189
09/15/2009 09:03:24,2,9,001293500000,1,190
09/15/2009 09:03:24,2,9,001293500000,1,191
09/15/2009 09:03:24,2,9,001293500000,1,192
09/15/2009 09:03:24,2,9,001293500000,1,193
09/15/2009 09:03:24,2,9,001295000003,1,194
09/15/2009 09:03:24,2,9,001298900003,1,195
09/15/2009 09:03:24,2,9,000383700009,6,196
09/15/2009 09:03:24,2,9,000185700009,1,197
09/15/2009 09:03:24,2,9,001028700002,1,198
09/15/2009 09:03:24,2,9,000928100004,1,199
09/15/2009 09:03:24,2,9,7928,1,200
09/15/2009 09:03:24,2,9,001023900001,1,201
09/15/2009 09:03:24,2,9,001023900001,1,202
09/15/2009 09:03:24,2,9,000759700008,1,203
09/15/2009 09:03:24,2,9,000176200006,1,204
09/15/2009 09:03:24,2,9,001033400003,1,205
09/15/2009 09:03:24,2,9,12527,1,206
09/15/2009 09:03:24,2,9,000407900002,1,207
09/15/2009 09:03:24,2,9,8835,1,208
09/15/2009 09:03:24,2,9,12857,1,209
09/15/2009 09:03:24,2,9,13250,1,210
09/15/2009 09:03:24,2,9,000056300000,1,211
09/15/2009 09:03:24,2,9,000688200006,1,212
09/15/2009 09:03:24,2,9,000890900008,1,213
09/15/2009 09:03:24,2,9,000795800007,1,214
09/15/2009 09:03:24,2,9,13031,1,215
09/15/2009 09:03:24,2,9,000404200006,1,216
09/15/2009 09:03:24,2,9,284,1,217
09/15/2009 09:03:24,2,9,13279,1,218
09/15/2009 09:03:24,2,9,7596,2,219
09/15/2009 09:03:24,2,9,001283600000,1,220
09/15/2009 09:03:24,2,9,001357900005,2,221
09/15/2009 09:03:24,2,9,001348500009,1,222
09/15/2009 09:03:24,2,9,001146200002,2,223
09/15/2009 09:03:24,2,9,001146200002,1,224
09/15/2009 09:03:24,2,9,001146200002,1,225
09/15/2009 09:03:24,2,9,7606,1,226
09/15/2009 09:03:24,2,9,5439,1,227
09/15/2009 09:03:24,2,9,6773,1,228
09/15/2009 09:03:24,2,9,000127700005,1,229
09/15/2009 09:03:24,2,9,000126900000,2,230
09/15/2009 09:03:24,2,9,8558,1,231
09/15/2009 09:03:24,2,9,001359600002,1,232
09/15/2009 09:03:24,2,9,001359600002,1,233
09/15/2009 09:03:24,2,9,000548500000,2,234
09/15/2009 09:03:24,2,9,12530,1,235
09/15/2009 09:03:24,2,9,000127000006,1,236
09/15/2009 09:03:24,2,9,001348400002,1,237
09/15/2009 09:03:24,2,9,10923,1,238
09/15/2009 09:03:24,2,9,91,1,239
09/15/2009 09:03:24,2,9,126,2,240
09/15/2009 09:03:24,2,9,9783,1,241
09/15/2009 09:03:24,2,9,12092,1,242
09/15/2009 09:03:24,2,9,12269,1,243
09/15/2009 09:03:24,2,9,9043,1,244
09/15/2009 09:03:24,2,9,11775,1,245
09/15/2009 09:03:24,2,9,12855,1,246
09/15/2009 09:03:24,2,9,12856,3,247
09/15/2009 09:03:24,2,9,001312500004,1,248
09/15/2009 09:03:24,2,9,4559,1,249
09/15/2009 09:03:24,2,9,1295,4,250
09/15/2009 09:03:24,2,9,934,1,251
09/15/2009 09:03:24,2,9,000117300000,1,252
09/15/2009 09:03:24,2,9,001067800008,1,253
09/15/2009 09:03:24,2,9,13351,1,254
09/15/2009 09:03:24,2,9,16657,1,255
09/15/2009 09:03:24,2,9,16662,1,256
09/15/2009 09:03:24,2,9,11064,1,257