08/10/2009 08:56:26,2,2,001324700003,1,1
08/10/2009 08:56:26,2,2,001286100002,1,2
08/10/2009 08:56:26,2,2,001332500008,1,3
08/10/2009 08:56:26,2,2,001332600005,1,4
08/10/2009 08:56:26,2,2,001332600005,1,5
08/10/2009 08:56:26,2,2,001332500008,1,6
08/10/2009 08:56:26,2,2,001249500009,1,7
08/10/2009 08:56:26,2,2,001249500009,1,8
08/10/2009 08:56:26,2,2,001232000004,1,9
08/10/2009 08:56:26,2,2,001346200000,1,10
08/10/2009 08:56:26,2,2,001249500009,1,11
08/10/2009 08:56:26,2,2,001249500009,1,12
08/10/2009 08:56:26,2,2,001249500009,1,13
08/10/2009 08:56:26,2,2,001249500009,1,14
08/10/2009 08:56:26,2,2,001285600008,1,15
08/10/2009 08:56:26,2,2,001285600008,1,16
08/10/2009 08:56:26,2,2,001285600008,1,17
08/10/2009 08:56:26,2,2,001286200009,1,18
08/10/2009 08:56:26,2,2,000098300006,1,19
08/10/2009 08:56:26,2,2,001346300007,1,20
08/10/2009 08:56:26,2,2,001223900009,1,21
08/10/2009 08:56:26,2,2,001236900003,1,22
08/10/2009 08:56:26,2,2,001331800000,1,23
08/10/2009 08:56:26,2,2,001316400003,1,24
08/10/2009 08:56:26,2,2,000099000004,1,25
08/10/2009 08:56:26,2,2,001353300007,1,26
08/10/2009 08:56:26,2,2,001315300007,1,27
08/10/2009 08:56:26,2,2,000683200001,1,28
08/10/2009 08:56:26,2,2,3996,1,29
08/10/2009 08:56:26,2,2,12864,1,30
08/10/2009 08:56:26,2,2,001285700005,1,31
08/10/2009 08:56:26,2,2,001285600008,1,32
08/10/2009 08:56:26,2,2,000676100004,1,33
08/10/2009 08:56:26,2,2,001317100001,1,34
08/10/2009 08:56:26,2,2,000262700007,1,35
08/10/2009 08:56:26,2,2,000387800002,1,36
08/10/2009 08:56:26,2,2,001349100000,1,37
08/10/2009 08:56:26,2,2,001349100000,1,38
08/10/2009 08:56:26,2,2,001348700003,1,39
08/10/2009 08:56:26,2,2,001348700003,1,40
08/10/2009 08:56:26,2,2,13148,1,41
08/10/2009 08:56:26,2,2,001314800003,1,42
08/10/2009 08:56:26,2,2,001316300006,1,43
08/10/2009 08:56:26,2,2,000518700003,1,44
08/10/2009 08:56:26,2,2,12114,1,45
08/10/2009 08:56:26,2,2,001253700006,1,46
08/10/2009 08:56:26,2,2,001346400004,1,47
08/10/2009 08:56:26,2,2,000262700007,1,48
08/10/2009 08:56:26,2,2,001159800008,1,49
08/10/2009 08:56:26,2,2,001159800008,1,50
08/10/2009 08:56:26,2,2,11650,1,51
08/10/2009 08:56:26,2,2,11710,1,52
08/10/2009 08:56:26,2,2,11649,1,53
08/10/2009 08:56:26,2,2,9292,1,54
08/10/2009 08:56:26,2,2,001078500003,1,55
08/10/2009 08:56:26,2,2,001324200008,1,56
08/10/2009 08:56:26,2,2,001324300005,1,57
08/10/2009 08:56:26,2,2,001324400002,1,58
08/10/2009 08:56:26,2,2,001113900003,1,59
08/10/2009 08:56:26,2,2,000589600004,1,60
08/10/2009 08:56:26,2,2,000483700008,1,61
08/10/2009 08:56:26,2,2,000495800000,1,62
08/10/2009 08:56:26,2,2,000483700008,1,63
08/10/2009 08:56:26,2,2,000206000002,1,64
08/10/2009 08:56:26,2,2,000206000002,1,65
08/10/2009 08:56:26,2,2,001235400009,1,66
08/10/2009 08:56:26,2,2,000214400009,1,67
08/10/2009 08:56:26,2,2,000058900000,1,68
08/10/2009 08:56:26,2,2,000768800003,1,69
08/10/2009 08:56:26,2,2,000174100001,1,70
08/10/2009 08:56:26,2,2,001328100007,1,71
08/10/2009 08:56:26,2,2,001328000000,1,72
08/10/2009 08:56:26,2,2,000108700000,1,73
08/10/2009 08:56:26,2,2,001229200004,1,74
08/10/2009 08:56:26,2,2,000677500001,1,75
08/10/2009 08:56:26,2,2,000059300007,1,76
08/10/2009 08:56:26,2,2,001357200006,1,77
08/10/2009 08:56:26,2,2,000094400007,1,78
08/10/2009 08:56:26,2,2,000094400007,1,79
08/10/2009 08:56:26,2,2,001358800007,1,80
08/10/2009 08:56:26,2,2,001347200009,1,81
08/10/2009 08:56:26,2,2,000123300001,1,82
08/10/2009 08:56:26,2,2,001318800009,1,83
08/10/2009 08:56:26,2,2,000094200003,1,84
08/10/2009 08:56:26,2,2,000094000009,1,85
08/10/2009 08:56:26,2,2,000094000009,1,86
08/10/2009 08:56:26,2,2,000094200003,1,87
08/10/2009 08:56:26,2,2,000094200003,1,88
08/10/2009 08:56:26,2,2,001289400000,1,89
08/10/2009 08:56:26,2,2,001289500007,1,90
08/10/2009 08:56:26,2,2,001289100009,1,91
08/10/2009 08:56:26,2,2,001289300003,1,92
08/10/2009 08:56:26,2,2,001289200006,1,93
08/10/2009 08:56:26,2,2,001357900005,1,94
08/10/2009 08:56:26,2,2,001361400003,1,95
08/10/2009 08:56:26,2,2,001361500000,1,96
08/10/2009 08:56:26,2,2,001361500000,1,97
08/10/2009 08:56:26,2,2,001318900006,1,98
08/10/2009 08:56:26,2,2,000049600001,1,99
08/10/2009 08:56:26,2,2,001361500000,1,100
08/10/2009 08:56:26,2,2,001348100001,1,101
08/10/2009 08:56:26,2,2,000127700005,1,102
08/10/2009 08:56:26,2,2,001359200004,1,103
08/10/2009 08:56:26,2,2,000524800001,1,104
08/10/2009 08:56:26,2,2,001279300006,1,105
08/10/2009 08:56:26,2,2,001664400007,1,106
08/10/2009 08:56:26,2,2,001355900007,1,107
08/10/2009 08:56:26,2,2,000438700008,1,108
08/10/2009 08:56:26,2,2,001356000003,1,109
08/10/2009 08:56:26,2,2,000587500009,1,110
08/10/2009 08:56:26,2,2,000148800005,1,111
08/10/2009 08:56:26,2,2,001325500008,1,112
08/10/2009 08:56:26,2,2,001323100002,1,113
08/10/2009 08:56:26,2,2,001323100002,1,114
08/10/2009 08:56:26,2,2,000445300000,1,115
08/10/2009 08:56:26,2,2,000535800007,1,116
08/10/2009 08:56:26,2,2,000535800007,1,117
08/10/2009 08:56:26,2,2,000587500009,1,118
08/10/2009 08:56:26,2,2,000524000005,1,119
08/10/2009 08:56:26,2,2,000524000005,1,120
08/10/2009 08:56:26,2,2,1481,1,121
08/10/2009 08:56:26,2,2,001351800004,1,122
08/10/2009 08:56:26,2,2,000079800006,1,123
08/10/2009 08:56:26,2,2,000415000008,1,124
08/10/2009 08:56:26,2,2,000200100005,1,125
08/10/2009 08:56:26,2,2,000199400001,1,126
08/10/2009 08:56:26,2,2,000199400001,1,127
08/10/2009 08:56:26,2,2,000199400001,3,128
08/10/2009 08:56:26,2,2,13443,1,129
08/10/2009 08:56:26,2,2,000099000004,1,130
08/10/2009 08:56:26,2,2,000097600008,1,131
08/10/2009 08:56:26,2,2,000099000004,1,132
08/10/2009 08:56:26,2,2,000097600008,1,133
08/10/2009 08:56:26,2,2,001362400002,1,134
08/10/2009 08:56:26,2,2,000097600008,1,135
08/10/2009 08:56:26,2,2,000126900000,1,136
08/10/2009 08:56:26,2,2,000097800002,1,137
08/10/2009 08:56:26,2,2,001362500009,1,138
08/10/2009 08:56:26,2,2,001362500009,1,139
08/10/2009 08:56:26,2,2,001362500009,1,140
08/10/2009 08:56:26,2,2,001362500009,1,141
08/10/2009 08:56:26,2,2,001362500009,1,142
08/10/2009 08:56:26,2,2,000097800002,1,143
08/10/2009 08:56:26,2,2,001360700005,1,144
08/10/2009 08:56:26,2,2,000117300000,1,145
08/10/2009 08:56:26,2,2,001361100002,1,146
08/10/2009 08:56:26,2,2,000127700005,1,147
08/10/2009 08:56:26,2,2,000127700005,1,148
08/10/2009 08:56:26,2,2,000792600006,1,149
08/10/2009 08:56:26,2,2,000895700009,1,150
08/10/2009 08:56:26,2,2,000437900003,1,151
08/10/2009 08:56:26,2,2,000436900004,1,152
08/10/2009 08:56:26,2,2,000438400007,1,153
08/10/2009 08:56:26,2,2,000438600001,1,154
08/10/2009 08:56:26,2,2,001294100001,1,155
08/10/2009 08:56:26,2,2,001294100001,1,156
08/10/2009 08:56:26,2,2,000437400008,1,157
08/10/2009 08:56:26,2,2,001333900005,1,158
08/10/2009 08:56:26,2,2,000436300002,1,159
08/10/2009 08:56:26,2,2,4883,1,160
08/10/2009 08:56:26,2,2,001294000004,1,161
08/10/2009 08:56:26,2,2,001294000004,1,162
08/10/2009 08:56:26,2,2,001294000004,1,163
08/10/2009 08:56:26,2,2,001327600003,1,164
08/10/2009 08:56:26,2,2,001311600002,1,165
08/10/2009 08:56:26,2,2,001253100004,1,166
08/10/2009 08:56:26,2,2,000436900004,1,167
08/10/2009 08:56:26,2,2,001316000005,1,168
08/10/2009 08:56:26,2,2,001220600001,1,169
08/10/2009 08:56:26,2,2,001319600004,1,170
08/10/2009 08:56:26,2,2,001325700002,1,171
08/10/2009 08:56:26,2,2,001323300006,1,172
08/10/2009 08:56:26,2,2,001357400000,1,173
08/10/2009 08:56:26,2,2,001345100004,1,174
08/10/2009 08:56:26,2,2,001345000007,1,175
08/10/2009 08:56:26,2,2,001286600007,1,176
08/10/2009 08:56:26,2,2,000524300006,1,177
08/10/2009 08:56:26,2,2,4377,1,178
08/10/2009 08:56:26,2,2,000429800007,1,179
08/10/2009 08:56:26,2,2,000541300003,1,180
08/10/2009 08:56:26,2,2,000449900008,1,181
08/10/2009 08:56:26,2,2,001361400003,1,182
08/10/2009 08:56:26,2,2,000536400008,1,183
08/10/2009 08:56:26,2,2,000536400008,1,184
08/10/2009 08:56:26,2,2,001232500009,1,185
08/10/2009 08:56:26,2,2,001303600003,1,186
08/10/2009 08:56:26,2,2,001351900001,1,187
08/10/2009 08:56:26,2,2,001169900002,1,188
08/10/2009 08:56:26,2,2,000682700007,1,189
08/10/2009 08:56:26,2,2,000682700007,1,190
08/10/2009 08:56:26,2,2,001239300008,1,191
08/10/2009 08:56:26,2,2,000682700007,1,192
08/10/2009 08:56:26,2,2,5864,1,193
08/10/2009 08:56:26,2,2,000399700000,1,194
08/10/2009 08:56:26,2,2,000399700000,1,195
08/10/2009 08:56:26,2,2,001319800008,1,196
08/10/2009 08:56:26,2,2,001314300008,1,197
08/10/2009 08:56:26,2,2,001252400006,1,198
08/10/2009 08:56:26,2,2,001327300002,1,199
08/10/2009 08:56:26,2,2,001327300002,1,200
08/10/2009 08:56:26,2,2,001307200001,1,201
08/10/2009 08:56:26,2,2,000679600006,1,202
08/10/2009 08:56:26,2,2,001338200001,1,203
08/10/2009 08:56:26,2,2,001315900009,1,204
08/10/2009 08:56:26,2,2,001078600000,1,205
08/10/2009 08:56:26,2,2,001329100006,1,206
08/10/2009 08:56:26,2,2,001309800001,1,207
08/10/2009 08:56:26,2,2,001280300002,1,208
08/10/2009 08:56:26,2,2,001279200009,1,209
08/10/2009 08:56:26,2,2,000573500006,1,210
08/10/2009 08:56:26,2,2,000573500006,1,211
08/10/2009 08:56:26,2,2,001294600006,1,212
08/10/2009 08:56:26,2,2,001294600006,1,213
08/10/2009 08:56:26,2,2,001317800000,1,214
08/10/2009 08:56:26,2,2,001317800000,1,215
08/10/2009 08:56:26,2,2,001308400004,1,216
08/10/2009 08:56:26,2,2,001664000009,1,217
08/10/2009 08:56:26,2,2,000586200009,1,218
08/10/2009 08:56:26,2,2,000586200009,1,219
08/10/2009 08:56:26,2,2,000586200009,1,220
08/10/2009 08:56:26,2,2,001344700007,1,221
08/10/2009 08:56:26,2,2,001323900008,1,222
08/10/2009 08:56:26,2,2,001323900008,1,223
08/10/2009 08:56:26,2,2,001325600005,1,224
08/10/2009 08:56:26,2,2,000513400007,1,225
08/10/2009 08:56:26,2,2,001315700005,1,226
08/10/2009 08:56:26,2,2,11703,1,227
08/10/2009 08:56:26,2,2,000513100006,1,228
08/10/2009 08:56:26,2,2,000513100006,1,229
08/10/2009 08:56:26,2,2,000035400004,1,230
08/10/2009 08:56:26,2,2,001302300003,1,231
08/10/2009 08:56:26,2,2,001339400004,1,232
08/10/2009 08:56:26,2,2,001315700005,1,233
08/10/2009 08:56:26,2,2,000514600000,1,234
08/10/2009 08:56:26,2,2,000535800007,1,235
08/10/2009 08:56:26,2,2,000535900004,1,236
08/10/2009 08:56:26,2,2,001302000002,1,237
08/10/2009 08:56:26,2,2,000585200000,1,238
08/10/2009 08:56:26,2,2,000135200009,1,239
08/10/2009 08:56:26,2,2,11757,1,240
08/10/2009 08:56:26,2,2,12778,1,241
08/10/2009 08:56:26,2,2,000508600009,1,242
08/10/2009 08:56:26,2,2,001210000002,1,243
08/10/2009 08:56:26,2,2,001319500007,1,244
08/10/2009 08:56:26,2,2,10993,1,245
08/10/2009 08:56:26,2,2,000377400007,1,246
08/10/2009 08:56:26,2,2,000549900007,1,247
08/10/2009 08:56:26,2,2,001312200003,1,248
08/10/2009 08:56:26,2,2,001175700009,1,249
08/10/2009 08:56:26,2,2,001356200007,1,250
08/10/2009 08:56:26,2,2,001356200007,1,251
08/10/2009 08:56:26,2,2,001253200001,1,252
08/10/2009 08:56:26,2,2,000589400000,1,253
08/10/2009 08:56:26,2,2,39,1,254
08/10/2009 08:56:26,2,2,000494300006,1,255
08/10/2009 08:56:26,2,2,593,1,256
08/10/2009 08:56:26,2,2,13181,1,257
08/10/2009 08:56:26,2,2,837,1,258
08/10/2009 08:56:26,2,2,000008600004,1,259
08/10/2009 08:56:26,2,2,000151400001,1,260
08/10/2009 08:56:26,2,2,000377500004,1,261
08/10/2009 08:56:26,2,2,001210000002,1,262
08/10/2009 08:56:26,2,2,001664400007,1,263
08/10/2009 08:56:26,2,2,001175700009,1,264
08/10/2009 08:56:26,2,2,001141600005,1,265
08/10/2009 08:56:26,2,2,001082500006,1,266
08/10/2009 08:56:26,2,2,000683700006,1,267
08/10/2009 08:56:26,2,2,001313100005,1,268
08/10/2009 08:56:26,2,2,10826,1,269
08/10/2009 08:56:26,2,2,001264500008,1,270
08/10/2009 08:56:26,2,2,000171200001,1,271
08/10/2009 08:56:26,2,2,4826,1,272
08/10/2009 08:56:26,2,2,001317700003,1,273
08/10/2009 08:56:26,2,2,000009900004,1,274
08/10/2009 08:56:26,2,2,000048800006,1,275
08/10/2009 08:56:26,2,2,000388300006,1,276
08/10/2009 08:56:26,2,2,000054600003,1,277
08/10/2009 08:56:26,2,2,000384800005,1,278
08/10/2009 08:56:26,2,2,001215700006,1,279
08/10/2009 08:56:26,2,2,1158,1,280
08/10/2009 08:56:26,2,2,000085300002,1,281
08/10/2009 08:56:26,2,2,000024300001,1,282
08/10/2009 08:56:26,2,2,000389500009,1,283
08/10/2009 08:56:26,2,2,001328300001,1,284
08/10/2009 08:56:26,2,2,000523400004,1,285
08/10/2009 08:56:26,2,2,000399100008,1,286
08/10/2009 08:56:26,2,2,000072500002,1,287
08/10/2009 08:56:26,2,2,000078500006,1,288
08/10/2009 08:56:26,2,2,000407100006,1,289
08/10/2009 08:56:26,2,2,000072400005,1,290
08/10/2009 08:56:26,2,2,001344600000,1,291
08/10/2009 08:56:26,2,2,001338400005,1,292
08/10/2009 08:56:26,2,2,001315800002,1,293
08/10/2009 08:56:26,2,2,001215800003,1,294
08/10/2009 08:56:26,2,2,001351500003,1,295
08/10/2009 08:56:26,2,2,001299900002,1,296
08/10/2009 08:56:26,2,2,001165500008,1,297
08/10/2009 08:56:26,2,2,001025300007,1,298
08/10/2009 08:56:26,2,2,000577900000,1,299
08/10/2009 08:56:26,2,2,001291500002,1,300
08/10/2009 08:56:26,2,2,001286600007,1,301
08/10/2009 08:56:26,2,2,001324900007,1,302
08/10/2009 08:56:26,2,2,001281500005,1,303
08/10/2009 08:56:26,2,2,001361000005,1,304
08/10/2009 08:56:26,2,2,001361300006,1,305
08/10/2009 08:56:26,2,2,001361000005,1,306
08/10/2009 08:56:26,2,2,001361300006,1,307
08/10/2009 08:56:26,2,2,001258100009,1,308
08/10/2009 08:56:26,2,2,000902000009,1,309
08/10/2009 08:56:26,2,2,001318000003,1,310
08/10/2009 08:56:26,2,2,12847,4,311
08/10/2009 08:56:26,2,2,001361600007,1,312
08/10/2009 08:56:26,2,2,001239600009,1,313
08/10/2009 08:56:26,2,2,001302000002,1,314
08/10/2009 08:56:26,2,2,000679600006,1,315
08/10/2009 08:56:26,2,2,001233300004,1,316
08/10/2009 08:56:26,2,2,001327800007,1,317
08/10/2009 08:56:26,2,2,001311700009,1,318
08/10/2009 08:56:26,2,2,001311500005,1,319
08/10/2009 08:56:26,2,2,000436600003,1,320
08/10/2009 08:56:26,2,2,001311800006,1,321
08/10/2009 08:56:26,2,2,001319700001,1,322
08/10/2009 08:56:26,2,2,001338600009,1,323
08/10/2009 08:56:26,2,2,5359,1,324
08/10/2009 08:56:26,2,2,001326100009,1,325
08/10/2009 08:56:26,2,2,000432800001,1,326
08/10/2009 08:56:26,2,2,001280000001,1,327
08/10/2009 08:56:26,2,2,000939500008,1,328
08/10/2009 08:56:26,2,2,001224600007,1,329
08/10/2009 08:56:26,2,2,001277000007,1,330
08/10/2009 08:56:26,2,2,001312400007,1,331
08/10/2009 08:56:26,2,2,000587300005,1,332
08/10/2009 08:56:26,2,2,000587500009,1,333
08/10/2009 08:56:26,2,2,001225700003,1,334
08/10/2009 08:56:26,2,2,000148200003,1,335
08/10/2009 08:56:26,2,2,001323200009,1,336
08/10/2009 08:56:26,2,2,001303500006,1,337
08/10/2009 08:56:26,2,2,000445300000,1,338
08/10/2009 08:56:26,2,2,000402500009,1,339
08/10/2009 08:56:26,2,2,13123,1,340
08/10/2009 08:56:26,2,2,000486800002,1,341
08/10/2009 08:56:26,2,2,000483400007,1,342
08/10/2009 08:56:26,2,2,001242200005,1,343
08/10/2009 08:56:26,2,2,001664300000,1,344
08/10/2009 08:56:26,2,2,001244600001,1,345
08/10/2009 08:56:26,2,2,000773800005,1,346
08/10/2009 08:56:26,2,2,000085000001,1,347
08/10/2009 08:56:26,2,2,000939500008,1,348
08/10/2009 08:56:26,2,2,001282300000,1,349
08/10/2009 08:56:26,2,2,001232500009,1,350
08/10/2009 08:56:26,2,2,001337900001,1,351
08/10/2009 08:56:26,2,2,000589600004,1,352
08/10/2009 08:56:26,2,2,001263300005,1,353
08/10/2009 08:56:26,2,2,001323600007,1,354
08/10/2009 08:56:26,2,2,001338100004,1,355
08/10/2009 08:56:26,2,2,001337500003,1,356
08/10/2009 08:56:26,2,2,001337400006,1,357
08/10/2009 08:56:26,2,2,000682700007,1,358
08/10/2009 08:56:26,2,2,001307200001,1,359
08/10/2009 08:56:26,2,2,000680400008,1,360
08/10/2009 08:56:26,2,2,001323700004,1,361
08/10/2009 08:56:26,2,2,000175900006,1,362
08/10/2009 08:56:26,2,2,001310600003,1,363
08/10/2009 08:56:26,2,2,1468,1,364
08/10/2009 08:56:26,2,2,000628900003,1,365
08/10/2009 08:56:26,2,2,000515700006,1,366
08/10/2009 08:56:26,2,2,13285,1,367
08/10/2009 08:56:26,2,2,000411900005,1,368
08/10/2009 08:56:26,2,2,001258300003,1,369
08/10/2009 08:56:26,2,2,001258700001,1,370
08/10/2009 08:56:26,2,2,001239300008,1,371
08/10/2009 08:56:26,2,2,12587,1,372
08/10/2009 08:56:26,2,2,000586400003,1,373
08/10/2009 08:56:26,2,2,000586200009,1,374
08/10/2009 08:56:26,2,2,000586700004,1,375
08/10/2009 08:56:26,2,2,10513,1,376
08/10/2009 08:56:26,2,2,001113800006,1,377
08/10/2009 08:56:26,2,2,001300700003,1,378
08/10/2009 08:56:26,2,2,001190700008,1,379
08/10/2009 08:56:26,2,2,001310200005,1,380
08/10/2009 08:56:26,2,2,001310100008,1,381
08/10/2009 08:56:26,2,2,000530000006,133,382
08/10/2009 08:56:26,2,2,000467200005,1,383
08/10/2009 08:56:26,2,2,001309700004,1,384
08/10/2009 08:56:26,2,2,001352800003,1,385
08/10/2009 08:56:26,2,2,001313900001,1,386
08/10/2009 08:56:26,2,2,001309800001,1,387
08/10/2009 08:56:26,2,2,001352900000,1,388
08/10/2009 08:56:26,2,2,001356200007,1,389
08/10/2009 08:56:26,2,2,001315200000,1,390
08/10/2009 08:56:26,2,2,000530000006,1,391
08/10/2009 08:56:26,2,2,000686800000,1,392
08/10/2009 08:56:26,2,2,001315900009,1,393
08/10/2009 08:56:26,2,2,001664200003,1,394
08/10/2009 08:56:26,2,2,001222500002,1,395
08/10/2009 08:56:26,2,2,001664000009,1,396
08/10/2009 08:56:26,2,2,001329100006,1,397
08/10/2009 08:56:26,2,2,001308400004,1,398
08/10/2009 08:56:26,2,2,001663900003,1,399
08/10/2009 08:56:26,2,2,001329000009,1,400
08/10/2009 08:56:26,2,2,728793,1,401
08/10/2009 08:56:26,2,2,001347900008,1,402
08/10/2009 08:56:26,2,2,001352200001,1,403
08/10/2009 08:56:26,2,2,001316100002,1,404
08/10/2009 08:56:26,2,2,001341100008,1,405
08/10/2009 08:56:26,2,2,001324600006,1,406
08/10/2009 08:56:26,2,2,001300300005,1,407
08/10/2009 08:56:26,2,2,119,1,408
08/10/2009 08:56:26,2,2,000413000000,1,409
08/10/2009 08:56:26,2,2,001221600000,1,410
08/10/2009 08:56:26,2,2,001282600001,1,411
08/10/2009 08:56:26,2,2,001352100004,1,412
08/10/2009 08:56:26,2,2,5176,1,413
08/10/2009 08:56:26,2,2,245,1,414
08/10/2009 08:56:26,2,2,13311,1,415
08/10/2009 08:56:26,2,2,000224800004,1,416
08/10/2009 08:56:26,2,2,000577100004,1,417
08/10/2009 08:56:26,2,2,001169000009,1,418
08/10/2009 08:56:26,2,2,001330600007,1,419
08/10/2009 08:56:26,2,2,001299500004,1,420
08/10/2009 08:56:26,2,2,1174,1,421
08/10/2009 08:56:26,2,2,000577000007,1,422
08/10/2009 08:56:26,2,2,12939,1,423
08/10/2009 08:56:26,2,2,001212200004,1,424
08/10/2009 08:56:26,2,2,001238600000,1,425
08/10/2009 08:56:26,2,2,000066800002,1,426
08/10/2009 08:56:26,2,2,001290100005,1,427
08/10/2009 08:56:26,2,2,000066900009,1,428
08/10/2009 08:56:26,2,2,000127000006,1,429
08/10/2009 08:56:26,2,2,000169700001,1,430
08/10/2009 08:56:26,2,2,001002700004,1,431
08/10/2009 08:56:26,2,2,001354500000,1,432
08/10/2009 08:56:26,2,2,000516100003,1,433
08/10/2009 08:56:26,2,2,001354200009,1,434
08/10/2009 08:56:26,2,2,000034300008,1,435
08/10/2009 08:56:26,2,2,001663600002,1,436
08/10/2009 08:56:26,2,2,001239700006,1,437
08/10/2009 08:56:26,2,2,001067800008,1,438
08/10/2009 08:56:26,2,2,001293600007,1,439
08/10/2009 08:56:26,2,2,000403900006,1,440
08/10/2009 08:56:26,2,2,000954200006,1,441
08/10/2009 08:56:26,2,2,000416400005,1,442
08/10/2009 08:56:26,2,2,001354100002,1,443
08/10/2009 08:56:26,2,2,000015900005,1,444
08/10/2009 08:56:26,2,2,001282700008,1,445
08/10/2009 08:56:26,2,2,000522700006,1,446
08/10/2009 08:56:26,2,2,000393300008,1,447
08/10/2009 08:56:26,2,2,000022700001,1,448
08/10/2009 08:56:26,2,2,001089700003,1,449
08/10/2009 08:56:26,2,2,001212700009,1,450
08/10/2009 08:56:26,2,2,000409500002,1,451
08/10/2009 08:56:26,2,2,001211400009,1,452
08/10/2009 08:56:26,2,2,001330800001,1,453
08/10/2009 08:56:26,2,2,000127700005,1,454
08/10/2009 08:56:26,2,2,13539,1,455
08/10/2009 08:56:26,2,2,001359600002,1,456
08/10/2009 08:56:26,2,2,001359600002,1,457
08/10/2009 08:56:26,2,2,001353800002,1,458
08/10/2009 08:56:26,2,2,8248,1,459
08/10/2009 08:56:26,2,2,000127700005,1,460
08/10/2009 08:56:26,2,2,000127700005,1,461
08/10/2009 08:56:26,2,2,13444,1,462
08/10/2009 08:56:26,2,2,001356900006,1,463
08/10/2009 08:56:26,2,2,000110000006,1,464
08/10/2009 08:56:26,2,2,001358500006,1,465
08/10/2009 08:56:26,2,2,001357900005,1,466
08/10/2009 08:56:26,2,2,000151900006,1,467
08/10/2009 08:56:26,2,2,001347300006,1,468
08/10/2009 08:56:26,2,2,001348300005,1,469
08/10/2009 08:56:26,2,2,000527900005,1,470
08/10/2009 08:56:26,2,2,000097800002,1,471
08/10/2009 08:56:26,2,2,001362400002,1,472
08/10/2009 08:56:26,2,2,000099000004,1,473
08/10/2009 08:56:26,2,2,000526400001,1,474
08/10/2009 08:56:26,2,2,001357300003,1,475
08/10/2009 08:56:26,2,2,001357900005,1,476
08/10/2009 08:56:26,2,2,000097600008,1,477
08/10/2009 08:56:26,2,2,000527300003,1,478
08/10/2009 08:56:26,2,2,001346100003,1,479
08/10/2009 08:56:26,2,2,001230700005,1,480
08/10/2009 08:56:26,2,2,001345300008,1,481
08/10/2009 08:56:26,2,2,971,1,482
08/10/2009 08:56:26,2,2,001353500001,1,483
08/10/2009 08:56:26,2,2,001345000007,1,484
08/10/2009 08:56:26,2,2,000126900000,1,485
08/10/2009 08:56:26,2,2,001361400003,1,486
08/10/2009 08:56:26,2,2,001351400006,1,487
08/10/2009 08:56:26,2,2,001351300009,1,488
08/10/2009 08:56:26,2,2,001274000000,1,489
08/10/2009 08:56:26,2,2,001284700006,1,490
08/10/2009 08:56:26,2,2,13513,1,491
08/10/2009 08:56:26,2,2,000132300009,1,492
08/10/2009 08:56:26,2,2,001353400004,1,493
08/10/2009 08:56:26,2,2,13537,1,494
08/10/2009 08:56:26,2,2,11427,2,495
