09/14/2009 10:04:55,2,1,7601,1,1
09/14/2009 10:04:55,2,1,001361000005,1,2
09/14/2009 10:04:55,2,1,11673,1,3
09/14/2009 10:04:55,2,1,000383700009,1,4
09/14/2009 10:04:55,2,1,000383700009,1,5
09/14/2009 10:04:55,2,1,001361100002,1,6
09/14/2009 10:04:55,2,1,001284800003,1,7
09/14/2009 10:04:55,2,1,001361000005,1,8
09/14/2009 10:04:55,2,1,000773800005,1,9
09/14/2009 10:04:55,2,1,001031200001,1,10
09/14/2009 10:04:55,2,1,001231900008,1,11
09/14/2009 10:04:55,2,1,000383700009,1,12
09/14/2009 10:04:55,2,1,000383700009,1,13
09/14/2009 10:04:55,2,1,000383700009,1,14
09/14/2009 10:04:55,2,1,000383700009,1,15
09/14/2009 10:04:55,2,1,12435,2,16
09/14/2009 10:04:55,2,1,001332600005,1,17
09/14/2009 10:04:55,2,1,001258000002,1,18
09/14/2009 10:04:55,2,1,001258000002,1,19
09/14/2009 10:04:55,2,1,001322700005,4,20
09/14/2009 10:04:55,2,1,001041100001,1,21
09/14/2009 10:04:55,2,1,000171200001,1,22
09/14/2009 10:04:55,2,1,001326300003,1,23
09/14/2009 10:04:55,2,1,001317700003,1,24
09/14/2009 10:04:55,2,1,000456600007,1,25
09/14/2009 10:04:55,2,1,000446300009,1,26
09/14/2009 10:04:55,2,1,001261900009,1,27
09/14/2009 10:04:55,2,1,000890900008,1,28
09/14/2009 10:04:55,2,1,000048800006,1,29
09/14/2009 10:04:55,2,1,000009900004,1,30
09/14/2009 10:04:55,2,1,001141600005,1,31
09/14/2009 10:04:55,2,1,001667400004,1,32
09/14/2009 10:04:55,2,1,12078,1,33
09/14/2009 10:04:55,2,1,000896000009,1,34
09/14/2009 10:04:55,2,1,000019800004,1,35
09/14/2009 10:04:55,2,1,000078100008,1,36
09/14/2009 10:04:55,2,1,001355800000,1,37
09/14/2009 10:04:55,2,1,3775,1,38
09/14/2009 10:04:55,2,1,001231300006,1,39
09/14/2009 10:04:55,2,1,000074300006,1,40
09/14/2009 10:04:55,2,1,001281500005,1,41
09/14/2009 10:04:55,2,1,001267000000,1,42
09/14/2009 10:04:55,2,1,12645,1,43
09/14/2009 10:04:55,2,1,001216800002,1,44
09/14/2009 10:04:55,2,1,001275900002,1,45
09/14/2009 10:04:55,2,1,5132,1,46
09/14/2009 10:04:55,2,1,000585200000,1,47
09/14/2009 10:04:55,2,1,000587600006,1,48
09/14/2009 10:04:55,2,1,001274400008,1,49
09/14/2009 10:04:55,2,1,000402500009,1,50
09/14/2009 10:04:55,2,1,001314100004,1,51
09/14/2009 10:04:55,2,1,001670000000,1,52
09/14/2009 10:04:55,2,1,000587300005,1,53
09/14/2009 10:04:55,2,1,000587300005,1,54
09/14/2009 10:04:55,2,1,001277000007,1,55
09/14/2009 10:04:55,2,1,001326000002,1,56
09/14/2009 10:04:55,2,1,001325600005,1,57
09/14/2009 10:04:55,2,1,000512200004,1,58
09/14/2009 10:04:55,2,1,001256100001,1,59
09/14/2009 10:04:55,2,1,000431300007,1,60
09/14/2009 10:04:55,2,1,001277100004,1,61
09/14/2009 10:04:55,2,1,001333000002,1,62
09/14/2009 10:04:55,2,1,001255900008,1,63
09/14/2009 10:04:55,2,1,001233500008,1,64
09/14/2009 10:04:55,2,1,000239500005,1,65
09/14/2009 10:04:55,2,1,000239500005,1,66
09/14/2009 10:04:55,2,1,000239500005,1,67
09/14/2009 10:04:55,2,1,000239500005,1,68
09/14/2009 10:04:55,2,1,000239500005,1,69
09/14/2009 10:04:55,2,1,000679600006,1,70
09/14/2009 10:04:55,2,1,001333000002,1,71
09/14/2009 10:04:55,2,1,000483500004,1,72
09/14/2009 10:04:55,2,1,000483500004,1,73
09/14/2009 10:04:55,2,1,000483500004,1,74
09/14/2009 10:04:55,2,1,001159800008,1,75
09/14/2009 10:04:55,2,1,4003,1,76
09/14/2009 10:04:55,2,1,000589400000,1,77
09/14/2009 10:04:55,2,1,001326000002,1,78
09/14/2009 10:04:55,2,1,000587500009,1,79
09/14/2009 10:04:55,2,1,000585100003,1,80
09/14/2009 10:04:55,2,1,001326100009,1,81
09/14/2009 10:04:55,2,1,001171000004,1,82
09/14/2009 10:04:55,2,1,11703,1,83
09/14/2009 10:04:55,2,1,001669900007,1,84
09/14/2009 10:04:55,2,1,001323100002,1,85
09/14/2009 10:04:55,2,1,001303600003,1,86
09/14/2009 10:04:55,2,1,5131,1,87
09/14/2009 10:04:55,2,1,001323100002,1,88
09/14/2009 10:04:55,2,1,000513100006,1,89
09/14/2009 10:04:55,2,1,13035,1,90
09/14/2009 10:04:55,2,1,12481,1,91
09/14/2009 10:04:55,2,1,001327800007,1,92
09/14/2009 10:04:55,2,1,001282900002,1,93
09/14/2009 10:04:55,2,1,001215500002,1,94
09/14/2009 10:04:55,2,1,000536400008,1,95
09/14/2009 10:04:55,2,1,000556500009,1,96
09/14/2009 10:04:55,2,1,001229200004,1,97
09/14/2009 10:04:55,2,1,001317900007,1,98
09/14/2009 10:04:55,2,1,000518900007,1,99
09/14/2009 10:04:55,2,1,001271700002,1,100
09/14/2009 10:04:55,2,1,000486800002,1,101
09/14/2009 10:04:55,2,1,000399700000,1,102
09/14/2009 10:04:55,2,1,000399700000,1,103
09/14/2009 10:04:55,2,1,001325400001,3,104
09/14/2009 10:04:55,2,1,001325400001,1,105
09/14/2009 10:04:55,2,1,000239500005,1,106
09/14/2009 10:04:55,2,1,001359900003,1,107
09/14/2009 10:04:55,2,1,001359900003,1,108
09/14/2009 10:04:55,2,1,001342800006,1,109
09/14/2009 10:04:55,2,1,001156100002,6,110
09/14/2009 10:04:55,2,1,5647,1,111
09/14/2009 10:04:55,2,1,000531400003,6,112
09/14/2009 10:04:55,2,1,000043400003,1,113
09/14/2009 10:04:55,2,1,001299800005,6,114
09/14/2009 10:04:55,2,1,000053300003,1,115
09/14/2009 10:04:55,2,1,5848,1,116
09/14/2009 10:04:55,2,1,000009700000,1,117
09/14/2009 10:04:55,2,1,000053700001,1,118
09/14/2009 10:04:55,2,1,13277,1,119
09/14/2009 10:04:55,2,1,001363000003,1,120
09/14/2009 10:04:55,2,1,001256200008,1,121
09/14/2009 10:04:55,2,1,10826,2,122
09/14/2009 10:04:55,2,1,000009700000,1,123
09/14/2009 10:04:55,2,1,000215500005,1,124
09/14/2009 10:04:55,2,1,000015900005,1,125
09/14/2009 10:04:55,2,1,000954200006,1,126
09/14/2009 10:04:55,2,1,001665100005,1,127
09/14/2009 10:04:55,2,1,000406900003,1,128
09/14/2009 10:04:55,2,1,001285700005,1,129
09/14/2009 10:04:55,2,1,001285400004,1,130
09/14/2009 10:04:55,2,1,001285400004,1,131
09/14/2009 10:04:55,2,1,000497900005,1,132
09/14/2009 10:04:55,2,1,529,1,133
09/14/2009 10:04:55,2,1,13174,1,134
09/14/2009 10:04:55,2,1,001222000007,1,135
09/14/2009 10:04:55,2,1,001359700009,4,136
09/14/2009 10:04:55,2,1,001359800006,2,137
09/14/2009 10:04:55,2,1,000902000009,1,138
09/14/2009 10:04:55,2,1,000636500004,1,139
09/14/2009 10:04:55,2,1,000895700009,1,140
09/14/2009 10:04:55,2,1,000404400000,1,141
09/14/2009 10:04:55,2,1,12269,1,142
09/14/2009 10:04:55,2,1,12554,1,143
09/14/2009 10:04:55,2,1,001106800006,1,144
09/14/2009 10:04:55,2,1,000151500008,1,145
09/14/2009 10:04:55,2,1,1662,1,146
09/14/2009 10:04:55,2,1,001241500007,1,147
09/14/2009 10:04:55,2,1,2047,1,148
09/14/2009 10:04:55,2,1,8,1,149
09/14/2009 10:04:55,2,1,12431,1,150
09/14/2009 10:04:55,2,1,000140600009,1,151
09/14/2009 10:04:55,2,1,000001900002,1,152
09/14/2009 10:04:55,2,1,000403900006,1,153
09/14/2009 10:04:55,2,1,000001500004,1,154
09/14/2009 10:04:55,2,1,000193600001,1,155
09/14/2009 10:04:55,2,1,4130,1,156
09/14/2009 10:04:55,2,1,001221600000,1,157
09/14/2009 10:04:55,2,1,001221600000,1,158
09/14/2009 10:04:55,2,1,001221600000,1,159
09/14/2009 10:04:55,2,1,1938,1,160
09/14/2009 10:04:55,2,1,001299400007,1,161
09/14/2009 10:04:55,2,1,000577000007,1,162
09/14/2009 10:04:55,2,1,000577900000,1,163
09/14/2009 10:04:55,2,1,000577100004,1,164
09/14/2009 10:04:55,2,1,1122,1,165
09/14/2009 10:04:55,2,1,2360,1,166
09/14/2009 10:04:55,2,1,1011,1,167
09/14/2009 10:04:55,2,1,000055200004,1,168
09/14/2009 10:04:55,2,1,001667900009,1,169
09/14/2009 10:04:55,2,1,000954200006,1,170
09/14/2009 10:04:55,2,1,000055800006,1,171
09/14/2009 10:04:55,2,1,001256300005,1,172
09/14/2009 10:04:55,2,1,000529200004,1,173
09/14/2009 10:04:55,2,1,1122,1,174
09/14/2009 10:04:55,2,1,000432400003,6,175
09/14/2009 10:04:55,2,1,000855900005,1,176
09/14/2009 10:04:55,2,1,000460300009,1,177
09/14/2009 10:04:55,2,1,000760600007,1,178
09/14/2009 10:04:55,2,1,000552700007,1,179
09/14/2009 10:04:55,2,1,981,1,180
09/14/2009 10:04:55,2,1,001302000002,1,181
09/14/2009 10:04:55,2,1,001226100000,1,182
09/14/2009 10:04:55,2,1,13327,1,183
09/14/2009 10:04:55,2,1,12152,1,184
09/14/2009 10:04:55,2,1,000448800002,1,185
09/14/2009 10:04:55,2,1,000448800002,1,186
09/14/2009 10:04:55,2,1,001239700006,1,187
09/14/2009 10:04:55,2,1,000524300006,1,188
09/14/2009 10:04:55,2,1,000876300006,1,189
09/14/2009 10:04:55,2,1,001310100008,1,190
09/14/2009 10:04:55,2,1,001310200005,1,191
09/14/2009 10:04:55,2,1,12151,1,192
09/14/2009 10:04:55,2,1,001310300002,1,193
09/14/2009 10:04:55,2,1,12647,1,194
09/14/2009 10:04:55,2,1,001300700003,1,195
09/14/2009 10:04:55,2,1,001361500000,1,196
09/14/2009 10:04:55,2,1,001361400003,1,197
09/14/2009 10:04:55,2,1,001361500000,1,198
09/14/2009 10:04:55,2,1,001361400003,1,199
09/14/2009 10:04:55,2,1,001315900009,1,200
09/14/2009 10:04:55,2,1,000929200000,1,201
09/14/2009 10:04:55,2,1,000487500000,10,202
09/14/2009 10:04:55,2,1,001253700006,4,203
09/14/2009 10:04:55,2,1,001257900006,1,204
09/14/2009 10:04:55,2,1,001215100004,1,205
09/14/2009 10:04:55,2,1,10786,1,206
09/14/2009 10:04:55,2,1,000506800005,1,207
09/14/2009 10:04:55,2,1,000506800005,1,208
09/14/2009 10:04:55,2,1,12647,1,209
09/14/2009 10:04:55,2,1,5152,1,210
09/14/2009 10:04:55,2,1,001310200005,1,211
09/14/2009 10:04:55,2,1,000200900001,1,212
09/14/2009 10:04:55,2,1,001316600007,1,213
09/14/2009 10:04:55,2,1,10079,1,214
09/14/2009 10:04:55,2,1,000171200001,1,215
09/14/2009 10:47:35,2,1,000171200001,1,1
09/14/2009 10:47:35,2,1,001252300009,1,2
09/14/2009 10:47:35,2,1,001141600005,1,3
09/14/2009 10:47:35,2,1,000379200001,1,4
09/14/2009 10:47:35,2,1,000378800004,1,5
09/14/2009 10:47:35,2,1,9986,1,6
09/14/2009 10:47:35,2,1,000998600008,1,7
09/14/2009 10:47:35,2,1,000127300007,1,8
09/14/2009 10:47:35,2,1,000127300007,3,9
09/14/2009 10:47:35,2,1,001136800007,1,10
09/14/2009 10:47:35,2,1,001136800007,1,11
09/14/2009 10:47:35,2,1,000379900000,1,12
09/14/2009 10:47:35,2,1,000379900000,1,13
09/14/2009 10:47:35,2,1,000379900000,1,14
09/14/2009 10:47:35,2,1,000304300004,1,15
09/14/2009 10:47:35,2,1,001135200006,1,16
09/14/2009 10:47:35,2,1,001223300007,1,17
09/14/2009 10:47:35,2,1,000132800004,1,18
09/14/2009 10:47:35,2,1,000132800004,2,19
09/14/2009 10:47:35,2,1,000123300001,2,20
09/14/2009 10:47:35,2,1,001356700002,1,21
09/14/2009 10:47:35,2,1,000093700009,1,22
09/14/2009 10:47:35,2,1,1169,2,23
09/14/2009 10:52:08,2,1,9989,1,1
09/14/2009 10:52:08,2,1,001346900009,1,2
09/14/2009 10:52:08,2,1,1168,1,3
09/14/2009 10:52:08,2,1,000117000009,1,4
09/14/2009 10:52:08,2,1,001349600005,1,5
09/14/2009 10:52:08,2,1,000380400001,1,6
09/14/2009 10:52:08,2,1,000380400001,1,7
09/14/2009 10:52:08,2,1,000100500004,1,8
09/14/2009 10:52:08,2,1,000100500004,1,9
09/14/2009 10:52:08,2,1,001135200006,1,10
09/14/2009 10:52:08,2,1,000099300005,1,11
09/14/2009 10:52:08,2,1,000099300005,1,12
09/14/2009 10:52:08,2,1,000081900008,1,13
09/14/2009 10:52:08,2,1,000081900008,1,14
09/14/2009 10:52:08,2,1,001230700005,1,15
09/14/2009 10:52:08,2,1,001346300007,1,16
09/14/2009 10:52:08,2,1,001348400002,1,17
09/14/2009 10:52:08,2,1,001347300006,1,18
09/14/2009 10:52:08,2,1,001361400003,1,19
09/14/2009 10:52:08,2,1,001286100002,1,20
09/14/2009 10:52:08,2,1,001353800002,1,21
09/14/2009 10:52:08,2,1,001336800005,1,22
09/14/2009 10:52:08,2,1,001336800005,1,23
09/14/2009 10:52:08,2,1,001353400004,1,24
09/14/2009 10:52:08,2,1,001146200002,1,25
09/14/2009 10:52:08,2,1,001286100002,1,26
09/14/2009 10:52:08,2,1,000880600000,1,27
09/14/2009 10:52:08,2,1,6583,2,28
09/14/2009 10:52:08,2,1,001353600008,1,29
09/14/2009 10:52:08,2,1,000126900000,1,30
09/14/2009 10:52:08,2,1,000645300008,1,31
09/14/2009 10:52:08,2,1,4499,1,32
09/14/2009 10:52:08,2,1,000402500009,1,33
09/14/2009 10:52:08,2,1,7596,2,34
09/14/2009 10:52:08,2,1,001314100004,1,35
09/14/2009 10:52:08,2,1,001159800008,1,36
09/14/2009 10:52:08,2,1,000400800002,1,37
09/14/2009 10:52:08,2,1,000400800002,1,38
09/14/2009 10:52:08,2,1,000448400004,1,39
09/14/2009 10:52:08,2,1,001233300004,3,40
09/14/2009 10:52:08,2,1,000483500004,3,41
09/14/2009 10:52:08,2,1,001256100001,3,42
09/14/2009 10:52:08,2,1,000684200000,1,43
09/14/2009 10:52:08,2,1,000684200000,1,44
09/14/2009 10:52:08,2,1,001255900008,5,45
09/14/2009 10:52:08,2,1,001247700005,533,46
09/14/2009 10:52:08,2,1,000430000007,1,47
09/14/2009 10:52:08,2,1,000483500004,1,48
09/14/2009 10:52:08,2,1,000483500004,1,49
09/14/2009 10:52:08,2,1,000419800000,1,50
09/14/2009 10:52:08,2,1,000081500000,1,51
09/14/2009 10:52:08,2,1,001669900007,1,52
09/14/2009 10:52:08,2,1,000146800007,1,53
09/14/2009 10:52:08,2,1,000522100004,1,54
09/14/2009 10:52:08,2,1,000522100004,1,55
09/14/2009 10:52:08,2,1,001223900009,1,56
09/14/2009 10:52:08,2,1,000514600000,1,57
09/14/2009 10:52:08,2,1,000077100009,1,58
09/14/2009 10:52:08,2,1,001242200005,1,59
09/14/2009 10:52:08,2,1,12222,1,60
09/14/2009 10:52:08,2,1,000081400003,1,61
09/14/2009 10:52:08,2,1,10798,1,62
09/14/2009 10:52:08,2,1,001233500008,1,63
09/14/2009 10:52:08,2,1,000096300008,1,64
09/14/2009 10:52:08,2,1,001214000008,1,65
09/14/2009 10:52:08,2,1,001214200002,1,66
09/14/2009 10:52:08,2,1,001214000008,1,67
09/14/2009 10:52:08,2,1,001236100007,1,68
09/14/2009 10:52:08,2,1,001169500004,1,69
09/14/2009 10:52:08,2,1,000108700000,1,70
09/14/2009 10:52:08,2,1,000174100001,1,71
09/14/2009 10:52:08,2,1,000174100001,1,72
09/14/2009 10:52:08,2,1,4063,1,73
09/14/2009 10:52:08,2,1,9961,1,74
09/14/2009 10:52:08,2,1,12263,1,75
09/14/2009 10:52:08,2,1,001202300004,1,76
09/14/2009 10:52:08,2,1,9405,1,77
09/14/2009 10:52:08,2,1,000033600000,1,78
09/14/2009 10:52:08,2,1,000033600000,1,79
09/14/2009 10:52:08,2,1,000581300001,1,80
09/14/2009 10:52:08,2,1,11273,1,81
09/14/2009 10:52:08,2,1,001229900003,1,82
09/14/2009 10:52:08,2,1,001229900003,1,83
09/14/2009 10:52:08,2,1,000058900000,1,84
09/14/2009 10:52:08,2,1,11672,1,85
09/14/2009 10:52:08,2,1,5464,2,86
09/14/2009 10:52:08,2,1,3881,1,87
09/14/2009 10:52:08,2,1,4406,1,88
09/14/2009 10:52:08,2,1,3881,1,89
09/14/2009 10:52:08,2,1,000033600000,1,90
09/14/2009 10:52:08,2,1,333,1,91
09/14/2009 10:52:08,2,1,1614,1,92
09/14/2009 10:52:08,2,1,1614,1,93
09/14/2009 10:52:08,2,1,12298,4,94
09/14/2009 10:52:08,2,1,1100,1,95
09/14/2009 10:52:08,2,1,6977,1,96
09/14/2009 10:52:08,2,1,1276,1,97
09/14/2009 10:52:08,2,1,907,1,98
09/14/2009 10:52:08,2,1,921,1,99
09/14/2009 10:52:08,2,1,921,2,100
09/14/2009 10:52:08,2,1,907,1,101
09/14/2009 10:52:08,2,1,9978,1,102
09/14/2009 10:52:08,2,1,10239,5,103
09/14/2009 10:52:08,2,1,13611,1,104
09/14/2009 11:21:11,2,1,11671,4,1
09/14/2009 11:21:11,2,1,11270,1,2
09/14/2009 11:21:11,2,1,13613,2,3
09/14/2009 11:21:11,2,1,909,1,4
09/14/2009 11:21:11,2,1,1103,1,5
09/14/2009 11:21:11,2,1,001361300006,1,6
09/14/2009 11:21:11,2,1,001361300006,1,7
09/14/2009 11:21:11,2,1,3779,2,8
09/14/2009 11:21:11,2,1,16669,1,9
09/14/2009 11:21:11,2,1,335,1,10
09/14/2009 11:21:11,2,1,6772,1,11
09/14/2009 11:21:11,2,1,692,4,12
09/14/2009 11:21:11,2,1,5468,2,13
09/14/2009 11:21:11,2,1,1829,1,14
09/14/2009 11:21:11,2,1,001257600005,1,15
09/14/2009 11:21:11,2,1,001257600005,1,16
09/14/2009 11:21:11,2,1,4875,1,17
09/14/2009 11:21:11,2,1,5071,4,18
09/14/2009 11:21:11,2,1,12537,7,19
09/14/2009 11:21:11,2,1,2108,10,20
09/14/2009 11:21:11,2,1,000210800001,1,21
09/14/2009 11:21:11,2,1,000210800001,1,22
09/14/2009 11:21:11,2,1,5140,13,23
09/14/2009 11:21:11,2,1,4589,1,24
09/14/2009 11:21:11,2,1,4444,1,25
09/14/2009 11:21:11,2,1,000458900006,1,26
09/14/2009 11:21:11,2,1,4115,1,27
09/14/2009 11:21:11,2,1,4589,26,28
09/14/2009 11:21:11,2,1,12786,4,29
09/14/2009 11:21:11,2,1,6433,2,30
09/14/2009 11:21:11,2,1,12306,1,31
09/14/2009 11:21:11,2,1,207,1,32
09/14/2009 11:21:11,2,1,4609,10,33
09/14/2009 11:21:11,2,1,000792800000,1,34
09/14/2009 11:21:11,2,1,4444,1,35
09/14/2009 11:21:11,2,1,2856,1,36
09/14/2009 11:21:11,2,1,4443,1,37
09/14/2009 11:21:11,2,1,4610,1,38
09/14/2009 11:21:11,2,1,4611,4,39
09/14/2009 11:21:11,2,1,1278,2,40
09/14/2009 11:21:11,2,1,11377106,1,41
09/14/2009 11:21:11,2,1,001278700005,1,42
09/14/2009 11:21:11,2,1,001278700005,1,43
09/14/2009 11:21:11,2,1,14096,1,44
09/14/2009 11:21:11,2,1,14096,1,45
09/14/2009 11:21:11,2,1,12787,1,46
09/14/2009 11:21:11,2,1,000926300000,1,47
09/14/2009 11:21:11,2,1,1208,1,48
09/14/2009 11:21:11,2,1,1208,1,49
09/14/2009 11:21:11,2,1,12835,1,50
09/14/2009 11:21:11,2,1,000411600004,1,51
09/14/2009 11:21:11,2,1,EQ900032,1,52
09/14/2009 11:21:11,2,1,1663,1,53
09/14/2009 11:21:11,2,1,000151100000,1,54
09/14/2009 11:21:11,2,1,000151200007,1,55
09/14/2009 11:21:11,2,1,000375700000,1,56
09/14/2009 11:21:11,2,1,3744,1,57
09/14/2009 11:21:11,2,1,1513,1,58
09/14/2009 11:21:11,2,1,12636,1,59
09/14/2009 11:21:11,2,1,000128300006,1,60
09/14/2009 11:21:11,2,1,000128300006,1,61
09/14/2009 11:21:11,2,1,000128300006,1,62
09/14/2009 11:21:11,2,1,000128300006,1,63
09/14/2009 11:21:11,2,1,000128300006,1,64
09/14/2009 11:21:11,2,1,000128300006,1,65
09/14/2009 11:21:11,2,1,000128300006,1,66
09/14/2009 11:21:11,2,1,001134500008,1,67
09/14/2009 11:21:11,2,1,001134700002,1,68
09/14/2009 11:21:11,2,1,000127300007,1,69
09/14/2009 11:21:11,2,1,000127300007,1,70
09/14/2009 11:21:11,2,1,000093800006,1,71
09/14/2009 11:21:11,2,1,000132800004,1,72
09/14/2009 11:21:11,2,1,001282400007,1,73
09/14/2009 11:21:11,2,1,000876800001,1,74
09/14/2009 11:21:11,2,1,000250300004,1,75
09/14/2009 11:21:11,2,1,000250300004,1,76
09/14/2009 11:21:11,2,1,001137000000,1,77
09/14/2009 11:21:11,2,1,001362900007,1,78
09/14/2009 11:21:11,2,1,001362900007,1,79
09/14/2009 11:21:11,2,1,001362900007,1,80
09/14/2009 11:21:11,2,1,001350200003,1,81
09/14/2009 11:21:11,2,1,000127300007,16,82
09/14/2009 11:21:11,2,1,000127300007,3,83
09/14/2009 11:21:11,2,1,000132800004,3,84
09/14/2009 11:21:11,2,1,11368,1,85
09/14/2009 11:21:11,2,1,001273500006,1,86
09/14/2009 11:21:11,2,1,982,1,87
09/14/2009 11:21:11,2,1,001223300007,1,88
09/14/2009 11:21:11,2,1,000064800004,1,89
09/14/2009 11:21:11,2,1,000999300006,1,90
09/14/2009 11:21:11,2,1,13344,1,91
09/14/2009 11:21:11,2,1,001338900000,1,92
09/14/2009 11:21:11,2,1,13345,1,93
09/14/2009 11:21:11,2,1,000408300009,1,94
09/14/2009 11:21:11,2,1,001363000003,1,95
09/14/2009 11:21:11,2,1,000067800001,1,96
09/14/2009 11:21:11,2,1,000562100002,1,97
09/14/2009 11:21:11,2,1,001363200007,1,98
09/14/2009 11:21:11,2,1,000552500003,1,99
09/14/2009 11:21:11,2,1,001357000002,1,100
09/14/2009 11:21:11,2,1,000067000005,1,101
09/14/2009 11:21:11,2,1,000067600007,1,102
09/14/2009 11:21:11,2,1,001292200000,1,103
09/14/2009 11:21:11,2,1,001362200008,1,104
09/14/2009 11:21:11,2,1,001212400008,1,105
09/14/2009 11:21:11,2,1,000825000001,1,106
09/14/2009 11:21:11,2,1,000824900005,1,107
09/14/2009 11:21:11,2,1,000824800008,1,108
09/14/2009 11:21:11,2,1,001355500009,1,109
09/14/2009 11:21:11,2,1,001321600009,1,110
09/14/2009 11:21:11,2,1,000432200009,1,111
09/14/2009 11:21:11,2,1,001335400008,0,112
09/14/2009 11:21:11,2,1,12263,1,113
09/14/2009 10:07:40,2,1,000792800000,1,1
09/14/2009 10:07:40,2,1,001218100001,1,2
09/14/2009 10:07:40,2,1,000532100001,1,3
09/14/2009 10:07:40,2,1,000532100001,1,4
09/14/2009 10:07:40,2,1,000688200006,1,5
09/14/2009 10:07:40,2,1,001670300001,1,6
09/14/2009 10:07:40,2,1,001268900002,1,7
09/14/2009 10:07:40,2,1,000706100004,1,8
09/14/2009 10:07:40,2,1,000761400002,1,9
09/14/2009 10:07:40,2,1,2419,1,10
09/14/2009 10:07:40,2,1,000176500007,1,11
09/14/2009 10:07:40,2,1,000850800003,1,12
09/14/2009 10:07:40,2,1,000850800003,1,13
09/14/2009 10:07:40,2,1,000928100004,1,14
09/14/2009 10:07:40,2,1,000230500004,1,15
09/14/2009 10:07:40,2,1,000051300005,1,16
09/14/2009 10:07:40,2,1,000026300009,1,17
09/14/2009 10:07:40,2,1,001177300009,1,18
09/14/2009 10:07:40,2,1,000006800000,1,19
09/14/2009 10:07:40,2,1,000026300009,1,20
09/14/2009 10:07:40,2,1,12409,1,21
09/14/2009 10:07:40,2,1,11067,1,22
09/14/2009 10:07:40,2,1,000056200003,1,23
09/14/2009 10:07:40,2,1,13414,1,24
09/14/2009 10:07:40,2,1,1663,1,25
09/14/2009 10:07:40,2,1,000532300005,2,26
09/14/2009 10:07:40,2,1,001167100008,1,27
09/14/2009 10:07:40,2,1,001167100008,1,28
09/14/2009 10:07:40,2,1,000837400004,1,29
09/14/2009 10:07:40,2,1,000516500001,1,30
09/14/2009 10:07:40,2,1,8835,1,31
09/14/2009 10:07:40,2,1,000056900002,1,32
09/14/2009 10:07:40,2,1,10257,1,33
09/14/2009 10:07:40,2,1,001303100008,1,34
09/14/2009 10:07:40,2,1,000263100004,1,35
09/14/2009 10:07:40,2,1,000056300000,1,36
09/14/2009 10:07:40,2,1,001142100009,1,37
09/14/2009 10:07:40,2,1,000217100005,1,38
09/14/2009 10:07:40,2,1,000900400009,1,39
09/14/2009 10:07:40,2,1,000706100004,1,40
09/14/2009 10:07:40,2,1,000032300000,1,41
09/14/2009 10:07:40,2,1,000113500008,1,42
09/14/2009 10:07:40,2,1,001256800000,1,43
09/14/2009 10:07:40,2,1,000113500008,1,44
09/14/2009 10:07:40,2,1,000113300004,1,45
09/14/2009 10:07:40,2,1,000113300004,1,46
09/14/2009 10:07:40,2,1,000230500004,1,47
09/14/2009 10:07:40,2,1,000154300001,1,48
09/14/2009 10:07:40,2,1,12056,1,49
09/14/2009 10:07:40,2,1,000858300000,1,50
09/14/2009 10:07:40,2,1,000462400004,1,51
09/14/2009 10:07:40,2,1,000868400004,6,52
09/14/2009 10:07:40,2,1,000410000003,1,53
09/14/2009 10:07:40,2,1,000410000003,1,54
09/14/2009 10:07:40,2,1,000410000003,1,55
09/14/2009 10:07:40,2,1,000410000003,1,56
09/14/2009 10:07:40,2,1,000410000003,1,57
09/14/2009 10:07:40,2,1,000410000003,1,58
09/14/2009 10:07:40,2,1,000410100000,1,59
09/14/2009 10:07:40,2,1,5453,1,60
09/14/2009 10:07:40,2,1,000651900001,6,61
09/14/2009 10:07:40,2,1,001244600001,1,62
09/14/2009 10:07:40,2,1,000855800008,1,63
09/14/2009 10:07:40,2,1,001228200005,1,64
09/14/2009 10:07:40,2,1,001281100007,1,65
09/14/2009 10:07:40,2,1,10257,1,66
09/14/2009 10:07:40,2,1,001361200009,1,67
09/14/2009 10:07:40,2,1,001361200009,1,68
09/14/2009 10:07:40,2,1,12530,1,69
09/14/2009 10:07:40,2,1,001167200005,1,70
09/14/2009 10:07:40,2,1,7602,3,71
09/14/2009 10:07:40,2,1,001255200009,1,72
09/14/2009 10:07:40,2,1,5420,1,73
09/14/2009 10:07:40,2,1,593,1,74
09/14/2009 10:07:40,2,1,829,1,75
09/14/2009 10:07:40,2,1,001131300007,1,76
09/14/2009 10:07:40,2,1,001670200004,1,77
09/14/2009 10:07:40,2,1,16702,1,78
09/14/2009 10:07:40,2,1,001670200004,1,79
09/14/2009 10:07:40,2,1,001285200000,1,80
09/14/2009 10:07:40,2,1,001285100003,1,81
09/14/2009 10:07:40,2,1,713,1,82
09/14/2009 10:07:40,2,1,710,1,83
09/14/2009 10:07:40,2,1,000997500002,1,84
09/14/2009 10:07:40,2,1,709,1,85
09/14/2009 10:07:40,2,1,001263500009,1,86
09/14/2009 10:07:40,2,1,000183100009,1,87
09/14/2009 10:07:40,2,1,000182900006,1,88
09/14/2009 10:07:40,2,1,11775,1,89
09/14/2009 10:07:40,2,1,001212200004,1,90
09/14/2009 10:07:40,2,1,001212200004,1,91
09/14/2009 10:07:40,2,1,001206000009,1,92
09/14/2009 10:07:40,2,1,001338400005,1,93
09/14/2009 10:07:40,2,1,001338400005,1,94
09/14/2009 10:07:40,2,1,000496900006,1,95
09/14/2009 10:07:40,2,1,000496600005,1,96
09/14/2009 10:07:40,2,1,001206000009,1,97
09/14/2009 10:07:40,2,1,001212200004,1,98
09/14/2009 10:07:40,2,1,2369,1,99
09/14/2009 10:07:40,2,1,243,1,100
09/14/2009 10:07:40,2,1,724,1,101
09/14/2009 10:07:40,2,1,000284400008,1,102
09/14/2009 10:07:40,2,1,001215800003,1,103
09/14/2009 10:07:40,2,1,725,1,104
09/14/2009 10:07:40,2,1,000388300006,1,105
09/14/2009 10:07:40,2,1,000054600003,1,106
09/14/2009 10:07:40,2,1,001212000000,1,107
09/14/2009 10:07:40,2,1,000437400008,1,108
09/14/2009 10:07:40,2,1,000436300002,1,109
09/14/2009 10:07:40,2,1,000438400007,1,110
09/14/2009 10:07:40,2,1,4386,1,111
09/14/2009 10:07:40,2,1,000437700009,1,112
09/14/2009 10:07:40,2,1,000436600003,1,113
09/14/2009 10:53:37,2,1,4369,1,1
09/14/2009 10:53:37,2,1,5232,1,2
09/14/2009 10:53:37,2,1,000135300006,1,3
09/14/2009 10:53:37,2,1,000135200009,1,4
09/14/2009 10:53:37,2,1,001333900005,1,5
09/14/2009 10:53:37,2,1,001289100009,1,6
09/14/2009 10:53:37,2,1,001289300003,1,7
09/14/2009 10:53:37,2,1,001291800003,1,8
09/14/2009 10:53:37,2,1,001291900000,1,9
09/14/2009 10:53:37,2,1,001319600004,1,10
09/14/2009 10:53:37,2,1,001292100003,1,11
09/14/2009 10:53:37,2,1,001294000004,1,12
09/14/2009 10:53:37,2,1,001289200006,1,13
09/14/2009 10:53:37,2,1,000437900003,1,14
09/14/2009 10:53:37,2,1,000437900003,1,15
09/14/2009 10:53:37,2,1,001228600003,1,16
09/14/2009 10:53:37,2,1,12285,1,17
09/14/2009 10:53:37,2,1,12285,1,18
09/14/2009 10:53:37,2,1,001170100002,1,19
09/14/2009 10:53:37,2,1,001170100002,1,20
09/14/2009 10:53:37,2,1,001170100002,1,21
09/14/2009 10:53:37,2,1,000589500007,1,22
09/14/2009 10:53:37,2,1,000589600004,1,23
09/14/2009 10:53:37,2,1,000589600004,1,24
09/14/2009 10:53:37,2,1,001328500005,1,25
09/14/2009 10:53:37,2,1,001170500000,1,26
09/14/2009 10:53:37,2,1,8909,1,27
09/14/2009 10:53:37,2,1,8741,1,28
09/14/2009 10:53:37,2,1,8583,2,29
09/14/2009 10:53:37,2,1,001170500000,1,30
09/14/2009 10:53:37,2,1,001268100006,1,31
09/14/2009 10:53:37,2,1,001338900000,1,32
09/14/2009 10:53:37,2,1,001170000005,1,33
09/14/2009 10:53:37,2,1,000515700006,1,34
09/14/2009 10:53:37,2,1,000251300003,1,35
09/14/2009 10:53:37,2,1,8581,1,36
09/14/2009 10:53:37,2,1,001169600001,7,37
09/14/2009 10:53:37,2,1,000680400008,1,38
09/14/2009 10:53:37,2,1,000680400008,1,39
09/14/2009 10:53:37,2,1,000680400008,1,40
09/14/2009 10:53:37,2,1,000680400008,1,41
09/14/2009 10:53:37,2,1,001234500007,1,42
09/14/2009 10:53:37,2,1,001258400000,1,43
09/14/2009 10:53:37,2,1,7881,1,44
09/14/2009 10:53:37,2,1,001258300003,1,45
09/14/2009 10:53:37,2,1,000411900005,1,46
09/14/2009 10:53:37,2,1,001258800008,1,47
09/14/2009 10:53:37,2,1,000680400008,1,48
09/14/2009 10:53:37,2,1,001263300005,1,49
09/14/2009 10:53:37,2,1,001114300000,1,50
09/14/2009 10:53:37,2,1,000586100002,1,51
09/14/2009 10:53:37,2,1,001339200000,1,52
09/14/2009 10:53:37,2,1,001174600003,1,53
09/14/2009 10:53:37,2,1,4861,1,54
09/14/2009 10:53:37,2,1,001279200009,1,55
09/14/2009 10:53:37,2,1,000683900000,1,56
09/14/2009 10:53:37,2,1,001339200000,1,57
09/14/2009 10:53:37,2,1,000682900001,1,58
09/14/2009 10:53:37,2,1,000682900001,1,59
09/14/2009 10:53:37,2,1,000682900001,1,60
09/14/2009 10:53:37,2,1,000682700007,1,61
09/14/2009 10:53:37,2,1,000682700007,1,62
09/14/2009 10:53:37,2,1,000682700007,1,63
09/14/2009 10:53:37,2,1,001113900003,1,64
09/14/2009 10:53:37,2,1,001300800000,1,65
09/14/2009 10:53:37,2,1,001239300008,1,66
09/14/2009 10:53:37,2,1,001239300008,1,67
09/14/2009 10:53:37,2,1,95,1,68
09/14/2009 10:53:37,2,1,000414300000,1,69
09/14/2009 10:53:37,2,1,000586700004,1,70
09/14/2009 10:53:37,2,1,000586200009,4,71
09/14/2009 10:53:37,2,1,001307200001,1,72
09/14/2009 10:53:37,2,1,001051500006,1,73
09/14/2009 10:53:37,2,1,001239100004,1,74
09/14/2009 10:53:37,2,1,001239500002,1,75
09/14/2009 10:53:37,2,1,001307200001,1,76
09/14/2009 10:53:37,2,1,000586400003,1,77
09/14/2009 10:53:37,2,1,000586600007,1,78
09/14/2009 10:53:37,2,1,000586600007,1,79
09/14/2009 10:53:37,2,1,000586400003,1,80
09/14/2009 10:53:37,2,1,000583400006,1,81
09/14/2009 10:53:37,2,1,001341000001,1,82
09/14/2009 10:53:37,2,1,001151800006,1,83
09/14/2009 10:53:37,2,1,000530700005,1,84
09/14/2009 10:53:37,2,1,001240700002,1,85
09/14/2009 10:53:37,2,1,001334100008,1,86
09/14/2009 10:53:37,2,1,000583400006,1,87
09/14/2009 10:53:37,2,1,001341200005,1,88
09/14/2009 10:53:37,2,1,000490100006,1,89
09/14/2009 10:53:37,2,1,12809,1,90
09/14/2009 10:53:37,2,1,366,1,91
09/14/2009 10:53:37,2,1,001294600006,1,92
09/14/2009 10:53:37,2,1,001339600008,1,93
09/14/2009 10:53:37,2,1,12961,1,94
09/14/2009 10:53:37,2,1,000842500003,1,95
09/14/2009 10:53:37,2,1,001334600003,1,96
09/14/2009 10:53:37,2,1,001334600003,1,97
09/14/2009 10:53:37,2,1,001324500009,1,98
09/14/2009 10:53:37,2,1,000489000003,1,99
09/14/2009 10:53:37,2,1,001324500009,1,100
09/14/2009 10:53:37,2,1,000489000003,1,101
09/14/2009 10:53:37,2,1,000530200000,1,102
09/14/2009 10:53:37,2,1,000530200000,1,103
09/14/2009 10:53:37,2,1,000199400001,1,104
09/14/2009 10:53:37,2,1,000199400001,1,105
09/14/2009 10:53:37,2,1,000200100005,1,106
09/14/2009 10:53:37,2,1,001344800004,1,107
09/14/2009 10:53:37,2,1,001668400003,1,108
09/14/2009 10:53:37,2,1,001310400009,1,109
09/14/2009 10:53:37,2,1,000552200002,1,110
09/14/2009 10:53:37,2,1,000117300000,1,111
09/14/2009 10:53:37,2,1,000117300000,1,112
09/14/2009 10:53:37,2,1,001285500001,1,113
09/14/2009 10:53:37,2,1,000378800004,1,114
09/14/2009 10:53:37,2,1,000384300000,1,115
09/14/2009 10:53:37,2,1,000997300008,1,116
09/14/2009 10:53:37,2,1,000997300008,1,117
09/14/2009 10:53:37,2,1,000115500006,1,118
09/14/2009 10:53:37,2,1,993,1,119
09/14/2009 10:53:37,2,1,993,1,120
09/14/2009 10:53:37,2,1,1275,1,121
09/14/2009 10:53:37,2,1,000131600001,1,122
09/14/2009 10:53:37,2,1,001283600000,1,123
09/14/2009 10:53:37,2,1,000379200001,1,124
09/14/2009 10:53:37,2,1,000379200001,1,125
09/14/2009 10:53:37,2,1,001273600003,1,126
09/14/2009 10:53:37,2,1,001273600003,1,127
09/14/2009 10:53:37,2,1,001273000001,1,128
09/14/2009 10:53:37,2,1,001273000001,1,129
09/14/2009 10:53:37,2,1,000106200007,1,130
09/14/2009 10:53:37,2,1,000106200007,1,131
09/14/2009 10:53:37,2,1,000106200007,1,132
09/14/2009 10:53:37,2,1,000106200007,1,133
09/14/2009 10:53:37,2,1,000106200007,1,134
09/14/2009 10:53:37,2,1,000106200007,1,135
09/14/2009 10:53:37,2,1,000106200007,1,136
09/14/2009 10:53:37,2,1,000106200007,1,137
09/14/2009 10:53:37,2,1,000106200007,1,138
09/14/2009 10:53:37,2,1,000379700006,1,139
09/14/2009 10:53:37,2,1,000379700006,1,140
09/14/2009 10:53:37,2,1,001286300006,1,141
09/14/2009 10:53:37,2,1,000870300002,1,142
09/14/2009 10:53:37,2,1,001232400002,1,143
09/14/2009 10:53:37,2,1,001284700006,1,144
09/14/2009 10:53:37,2,1,001284700006,1,145
09/14/2009 10:53:37,2,1,3780,2,146
09/14/2009 10:53:37,2,1,3843,1,147
09/14/2009 10:53:37,2,1,001120000000,1,148
09/14/2009 10:53:37,2,1,001120000000,1,149
09/14/2009 10:53:37,2,1,001120000000,1,150
09/14/2009 10:53:37,2,1,001120000000,1,151
09/14/2009 10:53:37,2,1,001120000000,1,152
09/14/2009 10:53:37,2,1,001120000000,1,153
09/14/2009 10:53:37,2,1,942,3,154
09/14/2009 10:53:37,2,1,1285,1,155
09/14/2009 10:53:37,2,1,907,1,156
09/14/2009 10:53:37,2,1,000090700002,1,157
09/14/2009 10:53:37,2,1,000090700002,1,158
09/14/2009 10:53:37,2,1,001359600002,1,159
09/14/2009 10:53:37,2,1,001359600002,1,160
09/14/2009 10:53:37,2,1,000997800003,1,161
09/14/2009 10:53:37,2,1,000129500009,1,162
09/14/2009 10:53:37,2,1,000548500000,1,163
09/14/2009 10:53:37,2,1,000090700002,1,164
09/14/2009 10:53:37,2,1,001359600002,1,165
09/14/2009 10:53:37,2,1,000110100003,1,166
09/14/2009 10:53:37,2,1,000090700002,1,167
09/14/2009 10:53:37,2,1,417,1,168
09/14/2009 10:53:37,2,1,000090700002,1,169
09/14/2009 10:53:37,2,1,1295,1,170
09/14/2009 10:53:37,2,1,3849,2,171
09/14/2009 10:53:37,2,1,000127600008,1,172
09/14/2009 10:53:37,2,1,1278,1,173
09/14/2009 10:53:37,2,1,000697700009,1,174
09/14/2009 10:53:37,2,1,001359600002,1,175
09/14/2009 10:53:37,2,1,000110100003,1,176
09/14/2009 10:53:37,2,1,1278,1,177
09/14/2009 10:53:37,2,1,000697700009,1,178
09/14/2009 10:53:37,2,1,000127700005,1,179
09/14/2009 10:53:37,2,1,000127700005,1,180
09/14/2009 10:53:37,2,1,000127700005,1,181
09/14/2009 10:53:37,2,1,000127700005,1,182
09/14/2009 10:53:37,2,1,000127700005,1,183
09/14/2009 10:53:37,2,1,000106000003,1,184
09/14/2009 10:53:37,2,1,001119900007,1,185
09/14/2009 10:53:37,2,1,001349100000,1,186
09/14/2009 10:53:37,2,1,001349100000,1,187
09/14/2009 11:43:42,2,1,000552200002,1,1
09/14/2009 11:43:42,2,1,001223300007,1,2
09/14/2009 11:43:42,2,1,000130300001,1,3
09/14/2009 11:43:42,2,1,1316,1,4
09/14/2009 11:43:42,2,1,000131600001,1,5
09/14/2009 11:43:42,2,1,001350300000,1,6
09/14/2009 11:43:42,2,1,001148800002,1,7
09/14/2009 11:43:42,2,1,000127000006,1,8
09/14/2009 11:43:42,2,1,000127000006,1,9
09/14/2009 11:43:42,2,1,001137000000,1,10
09/14/2009 11:43:42,2,1,001137000000,1,11
09/14/2009 11:43:42,2,1,000085800007,1,12
09/14/2009 11:43:42,2,1,000213600004,1,13
09/14/2009 11:43:42,2,1,000867300008,1,14
09/14/2009 11:43:42,2,1,000095400006,1,15
09/14/2009 11:43:42,2,1,000378200002,1,16
09/14/2009 11:43:42,2,1,73884002,1,17
09/14/2009 11:43:42,2,1,000378200002,1,18
09/14/2009 11:43:42,2,1,000378200002,1,19
09/14/2009 11:43:42,2,1,000378200002,1,20
09/14/2009 11:43:42,2,1,001011100000,1,21
09/14/2009 11:43:42,2,1,001011100000,1,22
09/14/2009 11:43:42,2,1,001011100000,1,23
09/14/2009 11:43:42,2,1,001362500009,1,24
09/14/2009 11:43:42,2,1,001137000000,1,25
09/14/2009 11:43:42,2,1,000064800004,1,26
09/14/2009 11:43:42,2,1,000064800004,1,27
09/14/2009 11:43:42,2,1,001322100003,1,28
09/14/2009 11:43:42,2,1,001349400001,1,29
09/14/2009 11:43:42,2,1,000044700003,6,30
09/14/2009 11:43:42,2,1,001335400008,1,31
09/14/2009 11:43:42,2,1,001320100005,2,32
09/14/2009 11:43:42,2,1,001360300007,1,33
09/14/2009 11:43:42,2,1,001322100003,1,34
09/14/2009 11:43:42,2,1,001360100003,1,35
09/14/2009 11:43:42,2,1,13599,1,36
09/14/2009 11:43:42,2,1,001360200000,1,37
09/14/2009 11:43:42,2,1,12949,1,38
09/14/2009 12:03:53,2,1,13553,1,1
09/14/2009 12:03:53,2,1,000186100006,1,2
09/14/2009 12:03:53,2,1,000727800006,1,3
09/14/2009 12:03:53,2,1,5359,1,4
09/14/2009 12:03:53,2,1,987,1,5
09/14/2009 12:03:53,2,1,3862,1,6
09/14/2009 12:03:53,2,1,13476,1,7
09/14/2009 12:03:53,2,1,2140,1,8
09/14/2009 12:03:53,2,1,5685,1,9
09/14/2009 12:03:53,2,1,5191,1,10