09/16/2009 09:05:32,2,6,001339500001,1,1
09/16/2009 09:05:32,2,6,001359900003,1,2
09/16/2009 09:05:32,2,6,001360000006,1,3
09/16/2009 09:05:32,2,6,001321400005,1,4
09/16/2009 09:05:32,2,6,13405,1,5
09/16/2009 09:05:32,2,6,001253700006,1,6
09/16/2009 09:05:32,2,6,001325300004,1,7
09/16/2009 09:05:32,2,6,001341600003,1,8
09/16/2009 09:05:32,2,6,001342100007,1,9
09/16/2009 09:05:32,2,6,001670600002,1,10
09/16/2009 09:05:32,2,6,001341900004,1,11
09/16/2009 09:05:32,2,6,001315900009,1,12
09/16/2009 09:05:32,2,6,001060300000,1,13
09/16/2009 09:05:32,2,6,000645100004,1,14
09/16/2009 09:05:32,2,6,001342000000,1,15
09/16/2009 09:05:32,2,6,001341600003,1,16
09/16/2009 09:05:32,2,6,001340300003,1,17
09/16/2009 09:05:32,2,6,001334800007,1,18
09/16/2009 09:05:32,2,6,001334500006,1,19
09/16/2009 09:05:32,2,6,001339000006,1,20
09/16/2009 09:05:32,2,6,001334200005,1,21
09/16/2009 09:05:32,2,6,001339100003,1,22
09/16/2009 09:05:32,2,6,001334200005,1,23
09/16/2009 09:05:32,2,6,000053000002,1,24
09/16/2009 09:05:32,2,6,4097,1,25
09/16/2009 09:05:32,2,6,000567900003,1,26
09/16/2009 09:05:32,2,6,001335400008,1,27
09/16/2009 09:05:32,2,6,001216000006,1,28
09/16/2009 09:05:32,2,6,000033600000,1,29
09/16/2009 09:05:32,2,6,000033500003,1,30
09/16/2009 09:05:32,2,6,4589,1,31
09/16/2009 09:05:32,2,6,4589,1,32
09/16/2009 09:05:32,2,6,001669000004,1,33
09/16/2009 09:05:32,2,6,13218,1,34
09/16/2009 09:05:32,2,6,12325,1,35
09/16/2009 09:05:32,2,6,552,1,36
09/16/2009 09:05:32,2,6,000487500000,1,37
09/16/2009 09:05:32,2,6,001286400003,1,38
09/16/2009 09:05:32,2,6,000097300007,1,39
09/16/2009 09:05:32,2,6,001348800000,1,40
09/16/2009 09:05:32,2,6,000013500009,1,41
09/16/2009 09:05:32,2,6,000697700009,1,42
09/16/2009 09:05:32,2,6,000110000006,1,43
09/16/2009 09:05:32,2,6,000384900002,1,44
09/16/2009 09:05:32,2,6,126,1,45
09/16/2009 09:05:32,2,6,000670000003,1,46
09/16/2009 09:05:32,2,6,000094400007,1,47
09/16/2009 09:05:32,2,6,000094400007,1,48
09/16/2009 09:05:32,2,6,000094400007,1,49
09/16/2009 09:05:32,2,6,000106200007,1,50
09/16/2009 09:05:32,2,6,000106200007,1,51
09/16/2009 09:05:32,2,6,000106200007,1,52
09/16/2009 09:05:32,2,6,000106200007,1,53
09/16/2009 09:05:32,2,6,11416,1,54
09/16/2009 09:05:32,2,6,001322100003,1,55
09/16/2009 09:05:32,2,6,000636500004,1,56
09/16/2009 09:05:32,2,6,001241500007,1,57
09/16/2009 09:05:32,2,6,001669100001,1,58
09/16/2009 09:05:32,2,6,000902000009,1,59
09/16/2009 09:05:32,2,6,001230600008,1,60
09/16/2009 09:05:32,2,6,001320200002,1,61
09/16/2009 09:05:32,2,6,001315200000,1,62
09/16/2009 09:05:32,2,6,001340900005,1,63
09/16/2009 09:05:32,2,6,000010200001,1,64
09/16/2009 09:05:32,2,6,001320300009,1,65
09/16/2009 09:05:32,2,6,000081900008,1,66
09/16/2009 09:05:32,2,6,001342800006,1,67
09/16/2009 09:05:32,2,6,12918,1,68
09/16/2009 09:05:32,2,6,12919,1,69
09/16/2009 09:05:32,2,6,000113500008,1,70
09/16/2009 09:05:32,2,6,001284700006,1,71
09/16/2009 09:05:32,2,6,000097300007,1,72
09/16/2009 09:05:32,2,6,001336800005,1,73
09/16/2009 09:05:32,2,6,001256300005,1,74
09/16/2009 09:05:32,2,6,000379500002,1,75
09/16/2009 09:05:32,2,6,001348700003,1,76
09/16/2009 09:05:32,2,6,000093100007,1,77
09/16/2009 09:05:32,2,6,001336800005,1,78
09/16/2009 09:05:32,2,6,7926,1,79
09/16/2009 09:05:32,2,6,6332,1,80
09/16/2009 09:05:32,2,6,001282400007,1,81
09/16/2009 09:05:32,2,6,001285400004,1,82
09/16/2009 09:05:32,2,6,000081900008,1,83
09/16/2009 09:05:32,2,6,000379500002,1,84
09/16/2009 09:05:32,2,6,12420,1,85
09/16/2009 09:05:32,2,6,159,1,86
09/16/2009 09:05:32,2,6,001285800002,1,87
09/16/2009 09:05:32,2,6,1290,1,88
09/16/2009 09:05:32,2,6,001286100002,1,89
09/16/2009 09:05:32,2,6,000133000007,1,90
09/16/2009 09:05:32,2,6,13325,1,91
09/16/2009 09:05:32,2,6,000954200006,1,92
09/16/2009 09:05:32,2,6,5067,1,93
09/16/2009 09:05:32,2,6,000091200006,1,94
09/16/2009 09:05:32,2,6,000658100008,1,95
09/16/2009 09:05:32,2,6,000658100008,1,96
09/16/2009 09:05:32,2,6,000081900008,1,97
09/16/2009 09:05:32,2,6,000414000009,1,98
09/16/2009 09:05:32,2,6,000697700009,1,99
09/16/2009 09:05:32,2,6,3792,1,100
09/16/2009 09:05:32,2,6,000997800003,1,101
09/16/2009 09:05:32,2,6,000103800002,1,102
09/16/2009 09:05:32,2,6,001665100005,1,103
09/16/2009 09:05:32,2,6,10678,1,104
09/16/2009 09:05:32,2,6,5140,5,105
09/16/2009 09:05:32,2,6,000487500000,1,106
09/16/2009 09:05:32,2,6,000487500000,1,107
09/16/2009 09:05:32,2,6,000487500000,1,108
09/16/2009 09:05:32,2,6,000487500000,1,109
09/16/2009 09:05:32,2,6,000487500000,1,110
09/16/2009 09:05:32,2,6,000487500000,1,111
09/16/2009 09:05:32,2,6,000487500000,1,112
09/16/2009 09:05:32,2,6,000487500000,1,113
09/16/2009 09:05:32,2,6,000487500000,1,114
09/16/2009 09:05:32,2,6,001359200004,1,115
09/16/2009 09:05:32,2,6,000506800005,1,116
09/16/2009 09:05:32,2,6,10848,1,117
09/16/2009 09:05:32,2,6,001253700006,4,118
09/16/2009 09:05:32,2,6,001249500009,1,119
09/16/2009 09:05:32,2,6,001249500009,1,120
09/16/2009 09:05:32,2,6,001249500009,1,121
09/16/2009 09:05:32,2,6,001249500009,1,122
09/16/2009 09:05:32,2,6,001249500009,1,123
09/16/2009 09:05:32,2,6,001249500009,1,124
09/16/2009 09:05:32,2,6,6761,1,125
09/16/2009 09:05:32,2,6,6761,1,126
09/16/2009 09:05:32,2,6,12759,1,127
09/16/2009 09:05:32,2,6,13101,1,128
09/16/2009 09:05:32,2,6,001667300007,1,129
09/16/2009 09:05:32,2,6,000676100004,1,130
09/16/2009 09:05:32,2,6,6407430510002,1,131
09/16/2009 09:05:32,2,6,001216800002,1,132
09/16/2009 09:05:32,2,6,001231000005,1,133
09/16/2009 09:05:32,2,6,001286600007,1,134
09/16/2009 09:05:32,2,6,13249,1,135
09/16/2009 09:05:32,2,6,12397,1,136
09/16/2009 09:05:32,2,6,4298,1,137
09/16/2009 09:05:32,2,6,000629200003,1,138
09/16/2009 09:05:32,2,6,000487500000,1,139
09/16/2009 09:05:32,2,6,001249500009,1,140
09/16/2009 09:05:32,2,6,001253700006,1,141
09/16/2009 09:05:32,2,6,001669400002,1,142
09/16/2009 09:05:32,2,6,001669400002,1,143
09/16/2009 09:05:32,2,6,001669100001,1,144
09/16/2009 09:05:32,2,6,000506800005,1,145
09/16/2009 09:05:32,2,6,001283500003,1,146
09/16/2009 09:05:32,2,6,001283500003,1,147
09/16/2009 09:05:32,2,6,001669000004,1,148
09/16/2009 09:05:32,2,6,001669000004,1,149
09/16/2009 09:05:32,2,6,001669400002,1,150
09/16/2009 09:05:32,2,6,4298,1,151
09/16/2009 09:05:32,2,6,001131300007,1,152
09/16/2009 09:05:32,2,6,001028700002,1,153
09/16/2009 09:05:32,2,6,001028700002,1,154
09/16/2009 09:05:32,2,6,000056300000,1,155
09/16/2009 09:05:32,2,6,000679300005,1,156
09/16/2009 09:05:32,2,6,6882,1,157
09/16/2009 09:05:32,2,6,562,1,158
09/16/2009 09:05:32,2,6,001268900002,1,159
09/16/2009 09:05:32,2,6,001303100008,1,160
09/16/2009 09:05:32,2,6,8909,1,161
09/16/2009 09:05:32,2,6,000795800007,1,162
09/16/2009 09:05:32,2,6,12645,1,163
09/16/2009 09:05:32,2,6,4463,1,164
09/16/2009 09:05:32,2,6,12523,1,165
09/16/2009 09:05:32,2,6,4826,1,166
09/16/2009 09:05:32,2,6,001317700003,1,167
09/16/2009 09:05:32,2,6,13180,1,168
09/16/2009 09:05:32,2,6,9292,2,169
09/16/2009 09:05:32,2,6,001240800009,1,170
09/16/2009 09:05:32,2,6,000214400009,1,171
09/16/2009 09:05:32,2,6,6773,1,172
09/16/2009 09:05:32,2,6,1938,1,173
09/16/2009 09:05:32,2,6,000403900006,1,174
09/16/2009 09:05:32,2,6,1936,1,175
09/16/2009 09:05:32,2,6,12936,1,176
09/16/2009 09:05:32,2,6,000496600005,1,177
09/16/2009 09:05:32,2,6,12637,1,178
09/16/2009 09:05:32,2,6,001338400005,1,179
09/16/2009 09:05:32,2,6,001317400002,1,180
09/16/2009 09:05:32,2,6,001355800000,1,181
09/16/2009 09:05:32,2,6,10993,1,182
09/16/2009 09:05:32,2,6,3773,1,183
09/16/2009 09:05:32,2,6,000053300003,1,184
09/16/2009 09:05:32,2,6,4097,1,185
09/16/2009 09:05:32,2,6,3775,1,186
09/16/2009 09:05:32,2,6,12100,1,187
09/16/2009 09:05:32,2,6,12535,1,188
09/16/2009 09:05:32,2,6,000537800005,1,189
09/16/2009 09:05:32,2,6,000135100002,1,190
09/16/2009 09:05:32,2,6,001329900002,1,191
09/16/2009 09:05:32,2,6,000439100005,1,192
09/16/2009 09:05:32,2,6,001221600000,1,193
09/16/2009 09:05:32,2,6,11828,1,194
09/16/2009 09:05:32,2,6,001289200006,1,195
09/16/2009 09:05:32,2,6,000438200003,1,196
09/16/2009 09:05:32,2,6,12994,1,197
09/16/2009 09:05:32,2,6,000436900004,1,198
09/16/2009 09:05:32,2,6,001221600000,1,199
09/16/2009 09:05:32,2,6,12995,1,200
09/16/2009 09:05:32,2,6,000438600001,1,201
09/16/2009 09:05:32,2,6,000516300007,1,202
09/16/2009 09:05:32,2,6,669,1,203
09/16/2009 09:05:32,2,6,669,1,204
09/16/2009 09:05:32,2,6,001158100000,1,205
09/16/2009 09:05:32,2,6,001668300006,1,206
09/16/2009 09:05:32,2,6,001355500009,1,207
09/16/2009 09:05:32,2,6,13608,1,208
09/16/2009 09:05:32,2,6,001333300003,1,209
09/16/2009 09:05:32,2,6,000562100002,1,210
09/16/2009 09:05:32,2,6,9285,1,211
09/16/2009 09:05:32,2,6,10641,1,212
09/16/2009 09:05:32,2,6,001343500004,1,213
09/16/2009 09:05:32,2,6,13435,1,214
09/16/2009 09:05:32,2,6,001339600008,1,215
09/16/2009 09:05:32,2,6,001294600006,1,216
09/16/2009 09:05:32,2,6,001356300004,1,217
09/16/2009 09:05:32,2,6,001339600008,1,218
09/16/2009 09:05:32,2,6,001332100000,1,219
09/16/2009 09:05:32,2,6,001286500000,1,220
09/16/2009 09:05:32,2,6,000842500003,1,221
09/16/2009 09:05:32,2,6,001280300002,1,222
09/16/2009 09:05:32,2,6,001214000008,1,223
09/16/2009 09:05:32,2,6,001214000008,1,224
09/16/2009 09:05:32,2,6,000530000006,1,225
09/16/2009 09:05:32,2,6,001323900008,1,226
09/16/2009 09:05:32,2,6,000530200000,1,227
09/16/2009 09:05:32,2,6,001668400003,1,228
09/16/2009 09:05:32,2,6,001286500000,1,229
09/16/2009 09:05:32,2,6,001324500009,1,230
09/16/2009 09:56:52,2,6,000842500003,1,1
09/16/2009 09:56:52,2,6,001353000006,1,2
09/16/2009 09:56:52,2,6,000489000003,1,3
09/16/2009 09:56:52,2,6,6888,2,4
09/16/2009 09:56:52,2,6,001334300002,1,5
09/16/2009 09:56:52,2,6,000111800001,1,6
09/16/2009 09:56:52,2,6,4671,1,7
09/16/2009 09:56:52,2,6,12336,1,8
09/16/2009 09:56:52,2,6,000760000005,1,9
09/16/2009 09:56:52,2,6,000760000005,1,10
09/16/2009 09:56:52,2,6,12319,1,11
09/16/2009 09:56:52,2,6,000855900005,1,12
09/16/2009 09:56:52,2,6,12635,1,13
09/16/2009 09:56:52,2,6,000677300007,1,14
09/16/2009 09:56:52,2,6,11987,1,15
09/16/2009 09:56:52,2,6,001236700009,1,16
09/16/2009 09:56:52,2,6,000682500003,6,17
09/16/2009 09:56:52,2,6,12934,6,18
09/16/2009 09:56:52,2,6,000043300006,1,19
09/16/2009 09:56:52,2,6,000043300006,1,20
09/16/2009 09:56:52,2,6,001333800008,6,21
09/16/2009 09:56:52,2,6,1624,1,22
09/16/2009 09:56:52,2,6,001334500006,1,23
09/16/2009 09:56:52,2,6,13391,1,24
09/16/2009 09:56:52,2,6,13200,1,25
09/16/2009 09:56:52,2,6,10310,1,26
09/16/2009 09:56:52,2,6,4589,2,27
09/16/2009 09:56:52,2,6,001355300005,1,28
09/17/2009 09:31:30,2,1,001325400001,1,1
09/16/2009 09:08:16,2,6,000524300006,1,1
09/16/2009 09:08:16,2,6,12396,1,2
09/16/2009 09:08:16,2,6,001326100009,1,3
09/16/2009 09:08:16,2,6,12581,1,4
09/16/2009 09:08:16,2,6,001226100000,1,5
09/16/2009 09:08:16,2,6,001239600009,1,6
09/16/2009 09:08:16,2,6,001323100002,1,7
09/16/2009 09:08:16,2,6,001282900002,1,8
09/16/2009 09:08:16,2,6,000514600000,1,9
09/16/2009 09:08:16,2,6,5876,1,10
09/16/2009 09:08:16,2,6,001669900007,1,11
09/16/2009 09:08:16,2,6,001315700005,1,12
09/16/2009 09:08:16,2,6,13025,1,13
09/16/2009 09:08:16,2,6,001222200001,1,14
09/16/2009 09:08:16,2,6,000556500009,1,15
09/16/2009 09:08:16,2,6,5364,1,16
09/16/2009 09:08:16,2,6,001302300003,1,17
09/16/2009 09:08:16,2,6,5189,1,18
09/16/2009 09:08:16,2,6,001242200005,1,19
09/16/2009 09:08:16,2,6,001225700003,1,20
09/16/2009 09:08:16,2,6,000522100004,1,21
09/16/2009 09:08:16,2,6,4834,1,22
09/16/2009 09:08:16,2,6,000513400007,1,23
09/16/2009 09:08:16,2,6,001233500008,1,24
09/16/2009 09:08:16,2,6,001301700002,1,25
09/16/2009 09:08:16,2,6,4198,1,26
09/16/2009 09:08:16,2,6,000679500009,1,27
09/16/2009 09:08:16,2,6,4198,1,28
09/16/2009 09:08:16,2,6,001325400001,1,29
09/16/2009 09:08:16,2,6,001325400001,1,30
09/16/2009 09:08:16,2,6,000196400004,1,31
09/16/2009 09:08:16,2,6,000196400004,1,32
09/16/2009 09:08:16,2,6,000399600003,1,33
09/16/2009 09:08:16,2,6,001325600005,1,34
09/16/2009 09:08:16,2,6,13035,1,35
09/16/2009 09:08:16,2,6,4453,1,36
09/16/2009 09:08:16,2,6,000513100006,1,37
09/16/2009 09:08:16,2,6,000587500009,1,38
09/16/2009 09:08:16,2,6,000587500009,1,39
09/16/2009 09:08:16,2,6,5873,1,40
09/16/2009 09:08:16,2,6,001332800009,1,41
09/16/2009 09:08:16,2,6,13036,1,42
09/16/2009 09:08:16,2,6,001323200009,1,43
09/16/2009 09:08:16,2,6,5894,1,44
09/16/2009 09:08:16,2,6,5359,1,45
09/16/2009 09:08:16,2,6,13255,1,46
09/16/2009 09:08:16,2,6,5359,1,47
09/16/2009 09:08:16,2,6,000547800002,1,48
09/16/2009 09:08:16,2,6,001060300000,1,49
09/16/2009 09:08:16,2,6,4868,1,50
09/16/2009 09:08:16,2,6,001322900009,1,51
09/16/2009 09:08:16,2,6,5126,1,52
09/16/2009 09:08:16,2,6,13278,1,53
09/16/2009 09:08:16,2,6,13198,1,54
09/16/2009 09:08:16,2,6,001667100003,1,55
09/16/2009 09:08:16,2,6,000135200009,1,56
09/16/2009 09:08:16,2,6,13326,1,57
09/16/2009 09:08:16,2,6,12433,1,58
09/16/2009 09:08:16,2,6,12369,1,59
09/16/2009 09:08:16,2,6,001167100008,1,60
09/16/2009 09:08:16,2,6,4603,1,61
09/16/2009 09:08:16,2,6,000760100002,1,62
09/16/2009 09:08:16,2,6,000387800002,1,63
09/16/2009 09:08:16,2,6,001317600006,1,64
09/16/2009 09:08:16,2,6,9395,1,65
09/16/2009 09:08:16,2,6,001318300004,1,66
09/16/2009 09:08:16,2,6,001285700005,1,67
09/16/2009 09:08:16,2,6,001285700005,1,68
09/16/2009 09:08:16,2,6,001231900008,1,69
09/16/2009 09:08:16,2,6,000760100002,1,70
09/16/2009 09:08:16,2,6,1087,1,71
09/16/2009 09:08:16,2,6,4042,1,72
09/16/2009 09:08:16,2,6,1511,1,73
09/16/2009 09:08:16,2,6,13250,1,74
09/16/2009 09:08:16,2,6,000254000009,1,75
09/16/2009 09:08:16,2,6,000254000009,1,76
09/16/2009 09:08:16,2,6,7606,1,77
09/16/2009 09:08:16,2,6,7606,1,78
09/16/2009 09:08:16,2,6,000759600001,1,79
09/16/2009 09:08:16,2,6,699,1,80
09/16/2009 09:08:16,2,6,12409,1,81
09/16/2009 09:08:16,2,6,000928100004,1,82
09/16/2009 09:08:16,2,6,001341400009,1,83
09/16/2009 09:08:16,2,6,001341400009,1,84
09/16/2009 09:08:16,2,6,000028400004,1,85
09/16/2009 09:08:16,2,6,000028400004,1,86
09/16/2009 09:08:16,2,6,000054300002,1,87
09/16/2009 09:08:16,2,6,000900400009,1,88
09/16/2009 09:08:16,2,6,000174100001,1,89
09/16/2009 09:08:16,2,6,7470,1,90
09/16/2009 09:08:16,2,6,000028400004,1,91
09/16/2009 09:08:16,2,6,1473,1,92
09/16/2009 09:08:16,2,6,13082,1,93
09/16/2009 09:08:16,2,6,000031600002,1,94
09/16/2009 09:08:16,2,6,000026200002,1,95
09/16/2009 09:08:16,2,6,12653,1,96
09/16/2009 09:08:16,2,6,000876000005,1,97
09/16/2009 09:08:16,2,6,7744,1,98
09/16/2009 09:08:16,2,6,2844,1,99
09/16/2009 09:08:16,2,6,12122,1,100
09/16/2009 09:08:16,2,6,000207100008,1,101
09/16/2009 09:08:16,2,6,2844,1,102
09/16/2009 09:08:16,2,6,001092300009,1,103
09/16/2009 09:08:16,2,6,001667400004,1,104
09/16/2009 09:08:16,2,6,12645,1,105
09/16/2009 09:08:16,2,6,001178000007,1,106
09/16/2009 09:08:16,2,6,6453,1,107
09/16/2009 09:08:16,2,6,107,1,108
09/16/2009 09:08:16,2,6,001313800004,1,109
09/16/2009 09:08:16,2,6,02140001,1,110
09/16/2009 09:08:16,2,6,001302700001,1,111
09/16/2009 09:08:16,2,6,12122,1,112
09/16/2009 09:08:16,2,6,000072500002,1,113
09/16/2009 09:08:16,2,6,001215700006,1,114
09/16/2009 09:08:16,2,6,12060,1,115
09/16/2009 09:08:16,2,6,000388300006,1,116
09/16/2009 09:08:16,2,6,5727,1,117
09/16/2009 09:08:16,2,6,001212000000,1,118
09/16/2009 09:08:16,2,6,13521,1,119
09/16/2009 09:08:16,2,6,000436300002,1,120
09/16/2009 09:08:16,2,6,001330000005,1,121
09/16/2009 09:08:16,2,6,000436600003,1,122
09/16/2009 09:08:16,2,6,000437400008,1,123
09/16/2009 09:08:16,2,6,001299600001,1,124
09/16/2009 09:08:16,2,6,3895,1,125
09/16/2009 09:08:16,2,6,000437700009,1,126
09/16/2009 09:08:16,2,6,5779,1,127
09/16/2009 09:08:16,2,6,000430800003,1,128
09/16/2009 09:08:16,2,6,001234600004,1,129
09/16/2009 09:08:16,2,6,001285800002,1,130
09/16/2009 09:08:16,2,6,4310,1,131
09/16/2009 09:08:16,2,6,001328500005,1,132
09/16/2009 09:08:16,2,6,12583,1,133
09/16/2009 09:08:16,2,6,4310,1,134
09/16/2009 09:08:16,2,6,000431000006,1,135
09/16/2009 09:08:16,2,6,12582,1,136
09/16/2009 09:08:16,2,6,000682900001,1,137
09/16/2009 09:08:16,2,6,11142,1,138
09/16/2009 09:08:16,2,6,000683200001,1,139
09/16/2009 09:08:16,2,6,12633,1,140
09/16/2009 09:08:16,2,6,000431000006,1,141
09/16/2009 09:08:16,2,6,11701,1,142
09/16/2009 09:08:16,2,6,001228500006,1,143
09/16/2009 09:08:16,2,6,001300300005,1,144
09/16/2009 09:08:16,2,6,001169600001,1,145
09/16/2009 09:08:16,2,6,001169600001,1,146
09/16/2009 09:08:16,2,6,000680400008,1,147
09/16/2009 09:08:16,2,6,2513,1,148
09/16/2009 09:08:16,2,6,5307,1,149
09/16/2009 09:08:16,2,6,13243,1,150
09/16/2009 09:08:16,2,6,001342100007,1,151
09/16/2009 09:08:16,2,6,001342000000,1,152
09/16/2009 09:08:16,2,6,001341700000,1,153
09/16/2009 09:08:16,2,6,000106200007,7,154
09/16/2009 09:08:16,2,6,000128800001,1,155
09/16/2009 09:08:16,2,6,000106300004,1,156
09/16/2009 09:08:16,2,6,88,1,157
09/16/2009 09:08:16,2,6,001225800000,1,158
09/16/2009 09:08:16,2,6,000513100006,1,159
09/16/2009 09:08:16,2,6,4119,1,160
09/16/2009 09:08:16,2,6,000586200009,1,161
09/16/2009 09:08:16,2,6,000586200009,1,162
09/16/2009 09:08:16,2,6,12582,1,163
09/16/2009 09:08:16,2,6,000586200009,1,164
09/16/2009 09:08:16,2,6,12392,1,165
09/16/2009 09:08:16,2,6,000515700006,1,166
09/16/2009 09:08:16,2,6,12395,1,167
09/16/2009 09:08:16,2,6,001239500002,1,168
09/16/2009 09:08:16,2,6,001258600004,1,169
09/16/2009 09:08:16,2,6,000586100002,1,170
09/16/2009 09:08:16,2,6,000586400003,1,171
09/16/2009 09:08:16,2,6,000586400003,1,172
09/16/2009 09:08:16,2,6,000858000009,1,173
09/16/2009 09:08:16,2,6,000858000009,1,174
09/16/2009 09:08:16,2,6,001239300008,1,175
09/16/2009 09:08:16,2,6,001258700001,1,176
09/16/2009 09:08:16,2,6,001239300008,1,177
09/16/2009 09:08:16,2,6,000586200009,1,178
09/16/2009 09:08:16,2,6,000586200009,1,179
09/16/2009 09:08:16,2,6,000586200009,1,180
09/16/2009 09:08:16,2,6,000586200009,1,181
09/16/2009 09:08:16,2,6,000586200009,1,182
09/16/2009 09:08:16,2,6,000628900003,1,183
09/16/2009 09:08:16,2,6,000586600007,1,184
09/16/2009 09:08:16,2,6,710,1,185
09/16/2009 09:08:16,2,6,000087200003,1,186
09/16/2009 09:08:16,2,6,000532300005,1,187
09/16/2009 09:08:16,2,6,000031500005,1,188
09/16/2009 09:08:16,2,6,546,1,189
09/16/2009 09:08:16,2,6,001338800003,1,190
09/16/2009 09:08:16,2,6,1135,1,191
09/16/2009 09:08:16,2,6,000071300009,1,192
09/16/2009 09:08:16,2,6,12191,1,193
09/16/2009 09:08:16,2,6,97,1,194
09/16/2009 09:08:16,2,6,4589,2,195
09/16/2009 09:08:16,2,6,7606,1,196
09/16/2009 09:08:16,2,6,000151100000,1,197
09/16/2009 09:08:16,2,6,000760600007,1,198
09/16/2009 09:08:16,2,6,000760600007,1,199
09/16/2009 09:08:16,2,6,8250,1,200
09/16/2009 09:08:16,2,6,11490,1,201
09/16/2009 09:08:16,2,6,11450,1,202
09/16/2009 09:08:16,2,6,4966,1,203
09/16/2009 09:08:16,2,6,12852,1,204
09/16/2009 09:08:16,2,6,12851,1,205
09/16/2009 09:08:16,2,6,13382,1,206
09/16/2009 09:08:16,2,6,8957,1,207
09/16/2009 09:08:16,2,6,1165,1,208
09/16/2009 09:08:16,2,6,13384,1,209