08/27/2009 10:57:23,2,1,000067000005,1,23
08/27/2009 10:57:23,2,1,000066900009,1,24
08/27/2009 10:57:23,2,1,001290100005,1,25
08/27/2009 10:57:23,2,1,000563400002,1,26
08/27/2009 10:57:23,2,1,000516500001,1,27
08/27/2009 10:57:23,2,1,000169700001,1,28
08/27/2009 10:57:23,2,1,000516400004,1,29
08/27/2009 10:57:23,2,1,000525100001,1,30
08/27/2009 10:57:23,2,1,000067100002,1,31
08/27/2009 10:57:23,2,1,001333400000,1,32
08/27/2009 10:57:23,2,1,001343500004,1,33
08/27/2009 10:57:23,2,1,000459900005,1,34
08/27/2009 10:57:23,2,1,000460300009,1,35
08/27/2009 10:57:23,2,1,000117300000,1,36
08/27/2009 10:57:23,2,1,000128100002,1,37
08/27/2009 10:57:23,2,1,000128100002,1,38
08/27/2009 10:57:23,2,1,001119800000,1,39
08/27/2009 10:57:23,2,1,000085700000,1,40
08/27/2009 10:57:23,2,1,000378800004,1,41
08/27/2009 10:57:23,2,1,000552700007,1,42
08/27/2009 10:57:23,2,1,000260800006,1,43
08/27/2009 10:57:23,2,1,000260800006,1,44
08/27/2009 10:57:23,2,1,000127300007,1,45
08/27/2009 10:57:23,2,1,000127300007,1,46
08/27/2009 10:57:23,2,1,000127300007,1,47
08/27/2009 10:57:23,2,1,000127300007,1,48
08/27/2009 10:57:23,2,1,000127300007,1,49
08/27/2009 10:57:23,2,1,000127300007,1,50
08/27/2009 10:57:23,2,1,000127300007,1,51
08/27/2009 10:57:23,2,1,000127300007,1,52
08/27/2009 10:57:23,2,1,000127300007,1,53
08/27/2009 10:57:23,2,1,000127300007,1,54
08/27/2009 10:57:23,2,1,000127300007,1,55
08/27/2009 10:57:23,2,1,000127300007,1,56
08/27/2009 10:57:23,2,1,000127300007,1,57
08/27/2009 10:57:23,2,1,001272500007,1,58
08/27/2009 10:57:23,2,1,001272500007,1,59
08/27/2009 10:57:23,2,1,000128300006,1,60
08/27/2009 10:57:23,2,1,000128300006,1,61
08/27/2009 10:57:23,2,1,460,1,62
08/27/2009 10:57:23,2,1,001350700008,1,63
08/27/2009 10:57:23,2,1,001136800007,1,64
08/27/2009 10:57:23,2,1,001120700009,1,65
08/27/2009 10:57:23,2,1,001136800007,1,66
08/27/2009 10:57:23,2,1,000123300001,1,67
08/27/2009 10:57:23,2,1,001346400004,1,68
08/27/2009 10:57:23,2,1,000570800000,1,69
08/27/2009 10:57:23,2,1,000570800000,1,70
08/27/2009 10:57:23,2,1,000570800000,1,71
08/27/2009 10:57:23,2,1,001227100009,1,72
08/27/2009 10:57:23,2,1,000081900008,14,73
08/27/2009 10:57:23,2,1,001357300003,1,74
08/27/2009 10:57:23,2,1,001227100009,1,75
08/27/2009 10:57:23,2,1,000099000004,1,76
08/27/2009 10:57:23,2,1,000557600005,1,77
08/27/2009 10:57:23,2,1,001135200006,1,78
08/27/2009 10:57:23,2,1,000132800004,1,80
08/27/2009 10:57:23,2,1,000132800004,1,81
08/27/2009 10:57:23,2,1,000132300009,1,82
08/27/2009 10:57:23,2,1,001353700005,1,83
08/27/2009 10:57:23,2,1,001336800005,1,84
08/27/2009 10:57:23,2,1,000046400000,1,85
08/27/2009 10:57:23,2,1,001119600006,1,86
08/27/2009 10:57:23,2,1,001362400002,1,87
08/27/2009 10:57:23,2,1,000998100003,1,88
08/27/2009 10:57:23,2,1,000998100003,1,89
08/27/2009 10:57:23,2,1,000998600008,1,90
08/27/2009 10:57:23,2,1,000998600008,1,91
08/27/2009 10:57:23,2,1,000760100002,1,92
08/27/2009 10:57:23,2,1,000387800002,1,93
08/27/2009 10:57:23,2,1,001056700005,1,94
08/27/2009 10:57:23,2,1,000404200006,1,95
08/27/2009 10:57:23,2,1,001283600000,1,96
08/27/2009 10:57:23,2,1,11370,1,97
08/27/2009 10:57:23,2,1,000553200001,1,98
08/27/2009 10:57:23,2,1,000553100004,1,99
08/27/2009 10:57:23,2,1,001201900007,1,100
08/27/2009 10:57:23,2,1,001232500009,1,101
08/27/2009 10:57:23,2,1,001232500009,1,102
08/27/2009 10:57:23,2,1,000091200006,1,103
08/27/2009 10:57:23,2,1,000106200007,1,104
08/27/2009 10:57:23,2,1,000106200007,1,105
08/27/2009 10:57:23,2,1,000106200007,1,106
08/27/2009 10:57:23,2,1,000878300004,1,107
08/27/2009 10:57:23,2,1,000878300004,1,108
08/27/2009 10:57:23,2,1,001112500006,1,109
08/27/2009 10:57:23,2,1,001340900005,1,110
08/27/2009 10:57:23,2,1,001335400008,1,111
08/27/2009 10:57:23,2,1,12433,1,112
08/27/2009 10:57:23,2,1,001348700003,1,113
08/27/2009 10:57:23,2,1,001348700003,1,114
08/27/2009 10:57:23,2,1,001349100000,1,115
08/27/2009 10:57:23,2,1,001349100000,1,116
08/27/2009 10:57:23,2,1,001349100000,1,117
08/27/2009 10:57:23,2,1,001349100000,1,118
08/27/2009 10:57:23,2,1,001349100000,1,119
08/28/2009 10:51:59,2,5,000101300009,1,1
08/28/2009 10:51:59,2,5,001136400009,1,2
08/28/2009 10:51:59,2,5,000717800009,1,3
08/28/2009 10:51:59,2,5,000717900006,1,4
08/28/2009 10:51:59,2,5,000717800009,1,5
08/28/2009 10:51:59,2,5,000717800009,1,6
08/28/2009 10:51:59,2,5,000803500004,1,7
08/28/2009 10:51:59,2,5,11270,1,8
08/28/2009 10:51:59,2,5,000458600005,1,9
08/28/2009 10:51:59,2,5,13320,1,10
08/28/2009 10:51:59,2,5,000529400008,1,11
08/28/2009 10:51:59,2,5,001361400003,1,12
08/28/2009 10:51:59,2,5,001119900007,1,13
08/28/2009 10:51:59,2,5,001119900007,1,14
08/28/2009 10:51:59,2,5,001119900007,1,15
08/28/2009 10:51:59,2,5,001119900007,1,16
08/28/2009 10:51:59,2,5,001119900007,1,17
08/28/2009 10:51:59,2,5,001119900007,1,18
08/28/2009 10:51:59,2,5,001120000000,1,19
08/28/2009 10:51:59,2,5,001120000000,1,20
08/28/2009 10:51:59,2,5,001120000000,1,21
08/28/2009 10:51:59,2,5,001120000000,1,22
08/28/2009 10:51:59,2,5,001119900007,1,23
08/28/2009 10:51:59,2,5,001120000000,1,24
08/28/2009 10:51:59,2,5,001120000000,1,25
08/28/2009 10:51:59,2,5,001120000000,1,26
08/28/2009 10:51:59,2,5,001361500000,1,27
08/28/2009 10:51:59,2,5,001361500000,1,28
08/28/2009 10:51:59,2,5,000097600008,1,29
08/28/2009 10:51:59,2,5,000083800009,1,30
08/28/2009 10:51:59,2,5,000097600008,1,31
08/28/2009 10:51:59,2,5,001112900004,1,32
08/28/2009 10:51:59,2,5,000086870009,1,33
08/28/2009 10:51:59,2,5,000555200009,1,34
08/28/2009 10:51:59,2,5,000990500009,1,35
08/28/2009 10:51:59,2,5,000990500009,1,36
08/28/2009 10:51:59,2,5,000990500009,1,37
08/28/2009 10:51:59,2,5,000069100000,1,38
08/28/2009 10:51:59,2,5,000069100000,1,39
08/28/2009 10:51:59,2,5,951,4,40
08/28/2009 10:51:59,2,5,000046000002,1,41
08/28/2009 10:51:59,2,5,000557200007,1,42
08/28/2009 10:51:59,2,5,001112500006,1,43
08/28/2009 10:51:59,2,5,001112500006,1,44
08/28/2009 10:51:59,2,5,001112500006,1,45
08/28/2009 10:51:59,2,5,001112500006,1,46
08/28/2009 10:51:59,2,5,000106200007,1,47
08/28/2009 10:51:59,2,5,000106200007,1,48
08/28/2009 10:51:59,2,5,000106200007,1,49
08/28/2009 10:51:59,2,5,000106200007,1,50
08/28/2009 10:51:59,2,5,000100500004,1,51
08/28/2009 10:51:59,2,5,001112700000,1,52
08/28/2009 10:51:59,2,5,001112700000,1,53
08/28/2009 10:51:59,2,5,13342,1,54
08/28/2009 10:51:59,2,5,13346,1,55
08/28/2009 10:51:59,2,5,001334400009,1,56
08/28/2009 10:51:59,2,5,001334300002,1,57
08/28/2009 10:51:59,2,5,13346,1,58
08/28/2009 10:51:59,2,5,13346,1,59
08/28/2009 10:51:59,2,5,000117000009,1,60
08/28/2009 10:51:59,2,5,001350600001,1,61
08/28/2009 10:51:59,2,5,001347800001,1,62
08/28/2009 10:51:59,2,5,001357400000,1,63
08/28/2009 10:51:59,2,5,001346200000,1,64
08/28/2009 10:51:59,2,5,001357900005,1,65
08/28/2009 10:51:59,2,5,000527900005,1,66
08/28/2009 10:51:59,2,5,001282400007,1,67
08/28/2009 10:51:59,2,5,001362900007,1,68
08/28/2009 10:51:59,2,5,001356600005,1,69
08/28/2009 10:51:59,2,5,000091200006,1,70
08/28/2009 10:51:59,2,5,001345300008,1,71
08/28/2009 10:51:59,2,5,001358800007,1,72
08/28/2009 10:51:59,2,5,000082900007,1,73
08/28/2009 10:51:59,2,5,9834,1,74
08/28/2009 10:51:59,2,5,000026300009,1,75
08/28/2009 10:51:59,2,5,000928100004,1,76
08/28/2009 10:51:59,2,5,000134400004,1,77
08/28/2009 10:51:59,2,5,87,1,78
08/28/2009 10:51:59,2,5,9004,1,79
08/28/2009 10:51:59,2,5,000677400004,1,80
08/28/2009 10:51:59,2,5,001341400009,1,81
08/28/2009 10:51:59,2,5,000056200003,1,82
08/28/2009 10:51:59,2,5,000026800004,1,83
08/28/2009 10:51:59,2,5,000997500002,1,84
08/28/2009 10:51:59,2,5,000997500002,1,85
08/28/2009 10:51:59,2,5,000115500006,1,86
08/28/2009 10:51:59,2,5,001302700001,1,87
08/28/2009 10:51:59,2,5,000031500005,1,88
08/28/2009 10:51:59,2,5,001351600000,1,89
08/28/2009 10:51:59,2,5,000241900008,1,90
08/28/2009 10:51:59,2,5,12855,1,91
08/28/2009 10:51:59,2,5,001332600005,1,92
08/28/2009 10:51:59,2,5,001332500008,1,93
08/28/2009 10:51:59,2,5,001332600005,1,94
08/28/2009 10:51:59,2,5,000054300002,1,95
08/28/2009 10:51:59,2,5,001337000008,1,96
08/28/2009 10:51:59,2,5,000185700009,1,97
08/28/2009 10:51:59,2,5,000928800003,1,98
08/28/2009 10:51:59,2,5,000147300001,1,99
08/28/2009 10:51:59,2,5,000551100006,1,100
08/28/2009 10:51:59,2,5,000551500004,1,101
08/28/2009 10:51:59,2,5,8583,1,102
08/28/2009 10:51:59,2,5,001230700005,1,103
08/28/2009 10:51:59,2,5,000185700009,1,104
08/28/2009 10:51:59,2,5,000095100005,3,105
08/28/2009 10:51:59,2,5,000083800009,1,106
08/28/2009 10:51:59,2,5,000043300006,6,107
08/28/2009 10:51:59,2,5,000056300000,1,108
08/28/2009 10:51:59,2,5,000038700002,1,109
08/28/2009 10:51:59,2,5,001668000005,1,110
08/28/2009 10:51:59,2,5,001242200005,1,111
08/28/2009 10:51:59,2,5,001268100006,1,112
08/28/2009 10:51:59,2,5,000636100006,1,113
08/28/2009 10:51:59,2,5,000587500009,1,114
08/28/2009 10:51:59,2,5,001668400003,1,115
08/28/2009 10:51:59,2,5,001324000004,1,116
08/28/2009 10:51:59,2,5,000530200000,1,117
08/28/2009 10:51:59,2,5,001294600006,1,118
08/28/2009 10:51:59,2,5,001294600006,1,119
08/28/2009 10:51:59,2,5,001155300007,1,120
08/28/2009 10:51:59,2,5,000071000008,1,121
08/28/2009 10:51:59,2,5,000855900005,1,122
08/28/2009 10:51:59,2,5,000564700002,1,123
08/28/2009 10:51:59,2,5,001325000003,1,124
08/28/2009 10:51:59,2,5,000760100002,1,125
08/28/2009 10:51:59,2,5,3849,1,126
08/28/2009 10:51:59,2,5,000893700001,1,127
08/28/2009 10:51:59,2,5,000893700001,1,128
08/28/2009 10:51:59,2,5,001150700000,1,129
08/28/2009 10:51:59,2,5,000378200002,1,130
08/28/2009 10:51:59,2,5,1205,1,131
08/28/2009 10:51:59,2,5,000677200000,1,132
08/28/2009 10:51:59,2,5,929,1,133
08/28/2009 10:51:59,2,5,000991400001,1,134
08/28/2009 10:51:59,2,5,000991400001,1,135
08/28/2009 10:51:59,2,5,000114600004,1,136
08/28/2009 10:51:59,2,5,001137200004,1,137
08/28/2009 10:51:59,2,5,2149,1,138
08/28/2009 10:51:59,2,5,8937,1,139
08/28/2009 10:51:59,2,5,000893500007,1,140
08/28/2009 10:51:59,2,5,000106300004,1,141
08/28/2009 10:51:59,2,5,000106300004,1,142
08/28/2009 10:51:59,2,5,000994000000,1,143
08/28/2009 10:51:59,2,5,000386100004,1,144
08/28/2009 10:51:59,2,5,000129870003,1,145
08/28/2009 10:51:59,2,5,000129700003,1,146
08/28/2009 10:51:59,2,5,000129700003,1,147
08/28/2009 10:51:59,2,5,000998300007,1,148
08/28/2009 10:51:59,2,5,000998300007,1,149
08/28/2009 10:51:59,2,5,000069600005,1,150
08/28/2009 10:51:59,2,5,000069600005,1,151
08/28/2009 10:51:59,2,5,001223600008,1,152
08/28/2009 10:51:59,2,5,001136200005,1,153
08/28/2009 10:51:59,2,5,1359,6,154
08/28/2009 10:51:59,2,5,000980000007,6,155
08/28/2009 10:51:59,2,5,001167300002,1,156
08/28/2009 10:51:59,2,5,10826,1,157
08/28/2009 10:51:59,2,5,993,1,158
08/28/2009 10:51:59,2,5,1283,2,159
08/28/2009 10:51:59,2,5,11352,2,160
08/28/2009 10:51:59,2,5,8857,1,161
08/28/2009 10:51:59,2,5,000377900002,2,162
08/28/2009 10:51:59,2,5,001284700006,1,163
08/28/2009 10:51:59,2,5,001284700006,1,164
08/28/2009 10:51:59,2,5,001284700006,1,165
08/28/2009 10:51:59,2,5,001284700006,1,166
08/28/2009 10:51:59,2,5,000083800009,1,167
08/28/2009 10:51:59,2,5,001137400008,1,168
08/28/2009 10:51:59,2,5,000095300009,1,169
08/28/2009 10:51:59,2,5,001150800007,1,170
08/28/2009 10:51:59,2,5,000117300000,1,171
08/28/2009 10:51:59,2,5,3862,1,172
08/28/2009 10:51:59,2,5,001347200009,1,173
08/28/2009 10:51:59,2,5,001136800007,1,174
08/28/2009 10:51:59,2,5,001148900009,1,175
08/28/2009 10:51:59,2,5,001148800002,1,176
08/28/2009 10:51:59,2,5,001148800002,1,177
08/28/2009 10:51:59,2,5,001148900009,1,178
08/28/2009 10:51:59,2,5,001148800002,1,179
08/28/2009 10:51:59,2,5,001148800002,1,180
08/28/2009 10:51:59,2,5,001148800002,1,181
08/28/2009 10:51:59,2,5,001148800002,1,182
08/28/2009 10:51:59,2,5,000760100002,1,183
08/28/2009 10:51:59,2,5,000554900009,1,184
08/28/2009 10:51:59,2,5,000792800000,1,185
08/28/2009 10:51:59,2,5,000980000007,1,186
08/28/2009 10:51:59,2,5,000980000007,1,187
08/28/2009 10:51:59,2,5,000980000007,1,188
08/28/2009 10:51:59,2,5,000551100006,1,189
08/28/2009 10:51:59,2,5,001120400008,1,190
08/28/2009 10:51:59,2,5,000378100005,1,191
08/28/2009 10:51:59,2,5,000378200002,1,192
08/28/2009 10:51:59,2,5,000870400009,1,193
08/28/2009 10:51:59,2,5,000870400009,1,194
08/28/2009 10:51:59,2,5,2247,1,195
08/28/2009 10:51:59,2,5,000380400001,1,196
08/28/2009 10:51:59,2,5,000068100001,1,197
08/28/2009 10:51:59,2,5,000127300007,1,198
08/28/2009 10:51:59,2,5,001257600005,1,199
08/28/2009 10:51:59,2,5,001257600005,1,200
08/28/2009 10:51:59,2,5,001257600005,1,201
08/28/2009 10:51:59,2,5,001257600005,1,202
08/28/2009 10:51:59,2,5,000487500000,8,203
08/28/2009 10:51:59,2,5,000487500000,1,204
08/28/2009 10:51:59,2,5,001249500009,1,205
08/28/2009 10:51:59,2,5,001249500009,1,206
08/28/2009 10:51:59,2,5,001249500009,1,207
08/28/2009 10:51:59,2,5,001249500009,1,208
08/28/2009 10:51:59,2,5,000210800001,1,209
08/28/2009 10:51:59,2,5,000210800001,1,210
08/28/2009 10:51:59,2,5,000210800001,1,211
08/28/2009 10:51:59,2,5,000514000008,1,212
08/28/2009 10:51:59,2,5,000514000008,1,213
08/28/2009 10:51:59,2,5,000514000008,1,214
08/28/2009 10:51:59,2,5,000514000008,1,215
08/28/2009 10:51:59,2,5,000514000008,1,216
08/28/2009 10:51:59,2,5,001258000002,1,217
08/28/2009 10:51:59,2,5,001258000002,1,218
08/28/2009 10:51:59,2,5,001224600007,1,219
08/28/2009 10:51:59,2,5,000939500008,1,220
08/28/2009 10:51:59,2,5,252,1,221
08/28/2009 10:51:59,2,5,7607,1,222
08/28/2009 10:51:59,2,5,2343,1,223
08/28/2009 10:51:59,2,5,000759600001,1,224
08/28/2009 10:51:59,2,5,000759600001,1,225
08/28/2009 10:51:59,2,5,000760600007,1,226
08/28/2009 10:51:59,2,5,13227,1,227
08/28/2009 10:51:59,2,5,001348700003,1,228
08/28/2009 10:51:59,2,5,000507000008,1,229
08/28/2009 10:51:59,2,5,001320200002,1,230
08/28/2009 10:51:59,2,5,001262600007,1,231
08/28/2009 10:51:59,2,5,2140,1,232
08/28/2009 10:51:59,2,5,001282300000,1,233
08/28/2009 10:51:59,2,5,000825000001,1,234
08/28/2009 10:51:59,2,5,001340300003,1,235
08/28/2009 10:51:59,2,5,1519,1,236
08/28/2009 10:51:59,2,5,1101,1,237
08/28/2009 10:51:59,2,5,001202100000,1,238
08/28/2009 10:51:59,2,5,001239200001,1,239
08/28/2009 10:51:59,2,5,001300800000,1,240
08/28/2009 10:51:59,2,5,000842500003,1,241
08/28/2009 10:51:59,2,5,001310500006,1,242
08/28/2009 10:51:59,2,5,001344700007,1,243
08/28/2009 10:51:59,2,5,001258500007,1,244
08/28/2009 10:51:59,2,5,001258500007,1,245
08/28/2009 10:51:59,2,5,00130240,1,246
08/28/2009 10:51:59,2,5,001323900008,1,247
08/28/2009 10:51:59,2,5,001310400009,1,248
08/28/2009 10:51:59,2,5,001239200001,1,249
08/28/2009 10:51:59,2,5,001202100000,1,250
08/28/2009 10:51:59,2,5,001353000006,1,251
08/28/2009 10:51:59,2,5,001317800000,1,252
08/28/2009 10:51:59,2,5,001308500001,1,253
08/28/2009 10:51:59,2,5,001317800000,1,254
08/28/2009 10:51:59,2,5,001343800005,1,255
08/28/2009 10:51:59,2,5,001339600008,1,256
08/28/2009 10:51:59,2,5,001276500003,1,257
08/28/2009 10:51:59,2,5,000573500006,1,258
08/28/2009 10:51:59,2,5,001667700005,1,259
08/28/2009 10:51:59,2,5,001667800002,1,260
08/28/2009 10:51:59,2,5,001258600004,1,261
08/28/2009 10:51:59,2,5,001258700001,1,262
08/28/2009 10:51:59,2,5,001239300008,1,263
08/28/2009 10:51:59,2,5,001214000008,1,264
08/28/2009 10:51:59,2,5,001292000006,1,265
08/28/2009 10:51:59,2,5,001341200005,1,266
08/28/2009 10:51:59,2,5,000586400003,1,267
08/28/2009 10:51:59,2,5,000586600007,1,268
08/28/2009 10:51:59,2,5,001324000004,1,269
08/28/2009 10:51:59,2,5,000414300000,1,270
08/28/2009 10:51:59,2,5,000414300000,1,271
08/28/2009 10:51:59,2,5,001341100008,1,272
08/28/2009 10:51:59,2,5,000586200009,1,273
08/28/2009 10:51:59,2,5,000586200009,1,274
08/28/2009 10:51:59,2,5,001307200001,1,275
08/28/2009 10:51:59,2,5,000586100002,1,276
08/28/2009 10:51:59,2,5,001341000001,1,277
08/28/2009 10:51:59,2,5,000586700004,1,278
08/28/2009 10:51:59,2,5,000586700004,1,279
08/28/2009 10:51:59,2,5,000586100002,1,280
08/28/2009 10:51:59,2,5,001325800009,1,281
08/28/2009 10:51:59,2,5,460,1,282
08/28/2009 10:51:59,2,5,000586400003,1,283
08/28/2009 10:51:59,2,5,000842500003,1,284
08/28/2009 10:51:59,2,5,001239500002,1,285
08/28/2009 10:51:59,2,5,000586200009,1,286
08/28/2009 10:51:59,2,5,000586200009,1,287
08/28/2009 10:51:59,2,5,000586200009,1,288
08/28/2009 10:51:59,2,5,000586200009,1,289
08/28/2009 10:51:59,2,5,000586200009,1,290
08/28/2009 10:51:59,2,5,000586200009,1,291
08/28/2009 10:51:59,2,5,000489000003,1,292
08/28/2009 10:51:59,2,5,001324500009,1,293
08/28/2009 10:51:59,2,5,001241200006,1,294
08/28/2009 10:51:59,2,5,000582700008,1,295
08/28/2009 10:51:59,2,5,000583400006,1,296
08/28/2009 10:51:59,2,5,001325900006,1,297
08/28/2009 10:51:59,2,5,000111800001,1,298
08/28/2009 10:51:59,2,5,001313900001,1,299
08/28/2009 10:51:59,2,5,000583400006,1,300
08/28/2009 10:51:59,2,5,000582700008,1,301
08/28/2009 10:51:59,2,5,001315900009,1,302
08/28/2009 10:51:59,2,5,001279200009,1,303
08/28/2009 10:51:59,2,5,001151800006,1,304
08/28/2009 10:51:59,2,5,001151800006,1,305
08/28/2009 10:51:59,2,5,000489000003,1,306
08/28/2009 10:51:59,2,5,000489100000,1,307
08/28/2009 10:51:59,2,5,000489100000,1,308
08/28/2009 10:51:59,2,5,001324500009,1,309
08/28/2009 10:51:59,2,5,001152200003,1,310
08/28/2009 10:51:59,2,5,001214100005,1,311
08/28/2009 10:51:59,2,5,000382200005,1,312
08/28/2009 10:51:59,2,5,000382200005,1,313
08/28/2009 10:51:59,2,5,000680400008,1,314
08/28/2009 10:51:59,2,5,000680400008,1,315
08/28/2009 10:51:59,2,5,001214500003,1,316
08/28/2009 10:51:59,2,5,001214500003,1,317
08/28/2009 10:51:59,2,5,001214500003,1,318
08/28/2009 10:51:59,2,5,000008600004,1,319
08/28/2009 10:51:59,2,5,000558400000,1,320
08/28/2009 10:51:59,2,5,000558400000,1,321
08/28/2009 10:51:59,2,5,000380200007,1,322
08/28/2009 10:51:59,2,5,000644200002,1,323
08/28/2009 10:51:59,2,5,000100500004,1,324
08/28/2009 10:51:59,2,5,000100500004,1,325
08/28/2009 10:51:59,2,5,000127100003,1,326
08/28/2009 10:51:59,2,5,000552900001,1,327
08/28/2009 10:51:59,2,5,2596,1,328
08/28/2009 10:51:59,2,5,000899900009,1,329
08/28/2009 10:51:59,2,5,8999,1,330
08/28/2009 10:51:59,2,5,000100500004,1,333
08/28/2009 10:51:59,2,5,000100500004,1,334
08/28/2009 10:51:59,2,5,000090300004,1,335
08/28/2009 10:51:59,2,5,000090200007,1,336
08/28/2009 10:51:59,2,5,000090300004,1,337
08/28/2009 10:51:59,2,5,000064800004,1,338
08/28/2009 10:51:59,2,5,000064800004,1,339
08/28/2009 10:51:59,2,5,000064800004,1,340
08/28/2009 10:51:59,2,5,000064800004,1,341
08/28/2009 10:51:59,2,5,000064800004,1,342
08/28/2009 10:51:59,2,5,8999,1,343
08/28/2009 10:51:59,2,5,000068100001,9,344
08/28/2009 10:51:59,2,5,001347600007,1,345
08/28/2009 10:51:59,2,5,001347600007,1,346
08/28/2009 10:51:59,2,5,000571200007,1,347
08/28/2009 10:51:59,2,5,13450,1,348
08/28/2009 10:51:59,2,5,000461100004,1,349
08/28/2009 10:51:59,2,5,001326200006,1,350
08/28/2009 10:51:59,2,5,001336000009,1,351
08/28/2009 10:51:59,2,5,000584800003,1,352
08/28/2009 10:51:59,2,5,000008600004,1,353
08/28/2009 10:51:59,2,5,000183100009,1,354
08/28/2009 10:51:59,2,5,001319900005,1,355
08/28/2009 10:51:59,2,5,12098,1,356
08/28/2009 10:51:59,2,5,10253,1,357
08/28/2009 10:51:59,2,5,5779,1,358
08/28/2009 10:51:59,2,5,12995,1,359
08/28/2009 10:51:59,2,5,10603,1,360
08/28/2009 10:51:59,2,5,5146,1,361
08/28/2009 10:51:59,2,5,5364,1,362
08/28/2009 10:51:59,2,5,13157,1,363
08/28/2009 10:51:59,2,5,11971,1,364
08/28/2009 10:51:59,2,5,12717,1,365
08/28/2009 10:51:59,2,5,13616,1,366
08/28/2009 10:51:59,2,5,13994,1,367
08/28/2009 10:51:59,2,5,13174,1,368
08/28/2009 10:51:59,2,5,13020,1,369
08/28/2009 10:51:59,2,5,529,1,370
08/28/2009 10:51:59,2,5,12685,1,371
08/28/2009 10:51:59,2,5,4934,1,372
08/28/2009 10:51:59,2,5,7934,1,373
08/28/2009 10:51:59,2,5,7931,1,374
08/28/2009 10:51:59,2,5,5790,1,375
08/28/2009 10:51:59,2,5,5783,1,376
08/28/2009 10:51:59,2,5,537,1,377
08/28/2009 10:51:59,2,5,10826,1,378
08/28/2009 10:51:59,2,5,13177,1,379
08/28/2009 10:51:59,2,5,11321,1,380
08/28/2009 10:51:59,2,5,5292,1,381
08/28/2009 10:51:59,2,5,11782,1,382
08/28/2009 10:51:59,2,5,488,1,383
08/28/2009 10:51:59,2,5,12371,1,384
08/28/2009 10:51:59,2,5,4155,1,385
08/28/2009 10:51:59,2,5,12801,1,386
08/28/2009 10:51:59,2,5,2534,1,387
08/28/2009 10:51:59,2,5,11775,1,388
08/28/2009 10:51:59,2,5,12844,1,389
08/28/2009 10:51:59,2,5,1614,1,390
08/28/2009 10:51:59,2,5,12269,1,391
08/28/2009 10:51:59,2,5,12563,1,392
08/28/2009 10:51:59,2,5,11907,1,393
08/28/2009 10:51:59,2,5,552,1,394
08/28/2009 10:51:59,2,5,534,1,395
08/28/2009 10:51:59,2,5,16674,1,396
08/28/2009 10:51:59,2,5,13524,1,397
08/28/2009 10:51:59,2,5,1712,1,398
08/28/2009 10:51:59,2,5,12523,1,399
08/28/2009 10:51:59,2,5,12078,1,400
08/28/2009 10:51:59,2,5,1938,1,401
08/28/2009 10:51:59,2,5,85,1,402
08/28/2009 10:51:59,2,5,5886,1,403
08/28/2009 10:51:59,2,5,9020,1,404
08/28/2009 10:51:59,2,5,4933,1,405
08/28/2009 10:51:59,2,5,12851,1,406
08/28/2009 10:51:59,2,5,1936,1,407
08/28/2009 10:51:59,2,5,8498,1,408
08/28/2009 10:51:59,2,5,13633,1,409
08/28/2009 10:51:59,2,5,6332,1,410
08/28/2009 10:51:59,2,5,12421,1,411
08/28/2009 10:51:59,2,5,4455,1,412
08/28/2009 10:51:59,2,5,4198,1,413
08/28/2009 10:51:59,2,5,5068,1,414
08/28/2009 10:51:59,2,5,11907,1,415
08/28/2009 10:51:59,2,5,5122,1,416
08/28/2009 10:51:59,2,5,12477,1,417
08/28/2009 10:51:59,2,5,12559,1,418
08/28/2009 10:51:59,2,5,12561,1,419
08/28/2009 10:51:59,2,5,11561,6,420
08/28/2009 10:51:59,2,5,13263,1,421
08/28/2009 10:51:59,2,5,6365,1,422
08/28/2009 10:51:59,2,5,8248,1,423
08/28/2009 10:51:59,2,5,8249,1,424
08/28/2009 10:51:59,2,5,143,6,425
08/28/2009 10:51:59,2,5,12814,1,426
08/28/2009 10:51:59,2,5,4152,1,427
08/28/2009 10:51:59,2,5,303,1,428
08/28/2009 10:51:59,2,5,4296,1,429
08/28/2009 10:51:59,2,5,4296,1,430
08/28/2009 10:51:59,2,5,12743,1,431
08/28/2009 10:51:59,2,5,1351,1,432
08/28/2009 10:51:59,2,5,1352,1,433
08/28/2009 10:51:59,2,5,11419,1,434
08/28/2009 10:51:59,2,5,3775,1,435
08/28/2009 10:51:59,2,5,11982,1,436
08/28/2009 10:51:59,2,5,12940,1,437
08/28/2009 10:51:59,2,5,12261,1,438
08/28/2009 10:51:59,2,5,4485,1,439
08/28/2009 10:51:59,2,5,13327,1,440
08/28/2009 10:51:59,2,5,13297,1,441
08/28/2009 10:51:59,2,5,13036,1,442
08/28/2009 10:51:59,2,5,12887,1,443
08/28/2009 10:51:59,2,5,5364,1,444
08/28/2009 10:51:59,2,5,13261,1,446
08/28/2009 10:51:59,2,5,13023,2,447
08/28/2009 10:51:59,2,5,3884,1,448
08/28/2009 10:51:59,2,5,12154,1,449
08/28/2009 10:51:59,2,5,5852,2,450
08/28/2009 10:51:59,2,5,5876,2,451
08/28/2009 10:51:59,2,5,13021,1,452
08/28/2009 10:51:59,2,5,9292,4,453
08/28/2009 10:51:59,2,5,10786,2,454
08/28/2009 10:51:59,2,5,5894,1,455
08/28/2009 10:51:59,2,5,12222,1,456
08/28/2009 10:51:59,2,5,2454,1,457
08/28/2009 10:51:59,2,5,4025,1,458
08/28/2009 10:51:59,2,5,6795,2,459
08/28/2009 10:51:59,2,5,16671,1,460
08/28/2009 10:51:59,2,5,13232,1,461
08/28/2009 10:51:59,2,5,13254,1,462
08/28/2009 10:51:59,2,5,5358,1,463
08/28/2009 10:51:59,2,5,771,1,464
08/28/2009 10:51:59,2,5,13256,1,465
08/28/2009 10:51:59,2,5,5873,1,466
08/28/2009 10:51:59,2,5,13386,1,467
08/28/2009 10:51:59,2,5,13231,2,468
08/28/2009 10:51:59,2,5,3997,1,469
08/28/2009 10:51:59,2,5,5131,2,470
08/28/2009 10:51:59,2,5,13035,1,471
08/28/2009 10:51:59,2,5,13035,1,472
08/28/2009 10:51:59,2,5,6827,1,473
08/28/2009 10:51:59,2,5,11701,1,474
08/28/2009 10:51:59,2,5,11705,1,475
08/28/2009 10:51:59,2,5,12582,3,476
08/28/2009 10:51:59,2,5,13286,1,477
08/28/2009 10:51:59,2,5,4119,1,478
08/28/2009 10:51:59,2,5,4310,1,479
08/28/2009 10:51:59,2,5,12583,2,480
08/28/2009 10:51:59,2,5,1873,1,481
08/28/2009 10:51:59,2,5,1900,1,482
08/28/2009 10:51:59,2,5,12531,3,483
08/28/2009 10:51:59,2,5,4363,2,484
08/28/2009 10:51:59,2,5,4374,1,485
08/28/2009 10:51:59,2,5,4369,1,486
08/28/2009 10:51:59,2,5,4391,1,487
08/28/2009 10:51:59,2,5,4384,1,488
08/28/2009 10:51:59,2,5,2280,1,489
08/28/2009 10:51:59,2,5,1904,1,490
08/28/2009 10:51:59,2,5,13242,1,491
08/28/2009 10:51:59,2,5,11138,1,492
08/28/2009 10:51:59,2,5,13196,1,493
08/28/2009 10:51:59,2,5,6832,1,494
08/28/2009 10:51:59,2,5,12889,1,495
08/28/2009 10:51:59,2,5,12941,1,496
08/28/2009 10:51:59,2,5,4673,1,497
08/28/2009 10:51:59,2,5,13181,1,498
08/28/2009 10:51:59,2,5,5240,1,499
08/28/2009 10:51:59,2,5,13278,1,500
08/28/2009 10:51:59,2,5,11696,3,501
08/28/2009 10:51:59,2,5,2011,1,502
08/28/2009 10:51:59,2,5,4310,1,503
08/28/2009 10:51:59,2,5,13285,1,504
08/28/2009 10:51:59,2,5,12633,1,505
08/28/2009 10:51:59,2,5,1741,2,506
08/28/2009 10:51:59,2,5,1087,2,507
08/28/2009 10:51:59,2,5,13281,1,508
08/28/2009 10:51:59,2,5,12581,2,509
08/28/2009 10:51:59,2,5,6332,1,510
08/28/2009 10:51:59,2,5,16646,1,511
08/28/2009 10:51:59,2,5,12915,1,512
08/28/2009 10:51:59,2,5,102,1,513
08/28/2009 10:51:59,2,5,12158,1,514
08/28/2009 10:51:59,2,5,243,1,515
08/28/2009 10:51:59,2,5,13283,1,516
08/28/2009 10:51:59,2,5,3883,1,517
08/28/2009 10:51:59,2,5,10923,1,518
08/28/2009 10:51:59,2,5,4826,1,519
08/28/2009 10:51:59,2,5,12940,1,520
08/28/2009 10:51:59,2,5,12994,1,521
08/28/2009 10:51:59,2,5,12386,1,522
08/28/2009 10:51:59,2,5,2154,1,523
08/28/2009 10:51:59,2,5,10840,1,524
08/28/2009 10:51:59,2,5,12386,1,525
08/28/2009 10:51:59,2,5,546,1,526
08/28/2009 10:51:59,2,5,4039,1,527
08/28/2009 10:51:59,2,5,8,1,528
08/28/2009 10:51:59,2,5,725,1,529
08/28/2009 10:51:59,2,5,3973,1,530
08/28/2009 10:51:59,2,5,9542,1,531
08/28/2009 10:51:59,2,5,5880,1,532
08/28/2009 10:51:59,2,5,16651,1,533
08/28/2009 10:51:59,2,5,4164,1,534
08/28/2009 10:51:59,2,5,3933,1,535
08/28/2009 10:51:59,2,5,4465,1,536
08/28/2009 10:51:59,2,5,4465,1,537
08/28/2009 10:51:59,2,5,5227,1,538
08/28/2009 10:51:59,2,5,3991,1,539
08/28/2009 10:51:59,2,5,13515,1,540
08/28/2009 10:51:59,2,5,12893,1,541
08/28/2009 10:51:59,2,5,13198,1,542
08/28/2009 10:51:59,2,5,1352,1,543
08/28/2009 10:51:59,2,5,1531,1,544
08/28/2009 10:51:59,2,5,1482,1,545
08/28/2009 10:51:59,2,5,10925,1,546
08/28/2009 10:51:59,2,5,119,1,547
08/28/2009 10:51:59,2,5,707,1,548
08/28/2009 10:51:59,2,5,10414,1,549
08/28/2009 10:51:59,2,5,12579,1,550
08/28/2009 10:51:59,2,5,85,1,551
08/28/2009 10:51:59,2,5,11829,1,552
08/28/2009 10:51:59,2,5,12267,1,553
08/28/2009 10:51:59,2,5,11068,1,554
08/28/2009 10:51:59,2,5,4611,1,555
08/28/2009 10:51:59,2,5,11272,1,556
08/28/2009 10:51:59,2,5,13265,1,557
08/28/2009 10:51:59,2,5,11779,1,558
08/28/2009 10:51:59,2,5,1512,1,559
08/28/2009 10:51:59,2,5,9569,1,560
08/28/2009 10:51:59,2,5,13388,1,561
08/28/2009 10:51:59,2,5,12381,1,562
08/28/2009 10:51:59,2,5,12408,1,563
08/28/2009 10:51:59,2,5,3881,1,564
08/28/2009 10:51:59,2,5,4589,1,565
08/28/2009 10:51:59,2,5,12278,2,566
08/28/2009 10:51:59,2,5,4468,3,567
08/28/2009 10:51:59,2,5,12788,2,568
08/28/2009 10:51:59,2,5,7926,1,569
08/28/2009 10:51:59,2,5,210,1,570
08/28/2009 10:51:59,2,5,4148,1,571
08/28/2009 10:51:59,2,5,1355,1,572
08/28/2009 10:51:59,2,5,998,1,573
08/28/2009 10:51:59,2,5,10641,1,574
08/28/2009 10:51:59,2,5,1355,1,575
08/28/2009 10:51:59,2,5,13382,1,576
08/28/2009 10:51:59,2,5,6761,1,577
08/28/2009 10:51:59,2,5,13254,1,578
08/28/2009 10:51:59,2,5,12256,1,579
08/28/2009 10:51:59,2,5,12268,1,580
08/28/2009 10:51:59,2,5,713,1,581
08/28/2009 10:51:59,2,5,3772,1,582