09/17/2009 09:09:58,2,1,001670700009,1,1
09/17/2009 09:09:58,2,1,001670700009,1,2
09/17/2009 09:09:58,2,1,001670700009,1,3
09/17/2009 09:09:58,2,1,001670700009,1,4
09/17/2009 09:09:58,2,1,001670700009,1,5
09/17/2009 09:09:58,2,1,001670700009,1,6
09/17/2009 09:09:58,2,1,001670700009,1,7
09/17/2009 09:09:58,2,1,001670700009,1,8
09/17/2009 09:09:58,2,1,001670700009,1,9
09/17/2009 09:09:58,2,1,001670700009,1,10
09/17/2009 09:09:58,2,1,000514600000,1,11
09/17/2009 09:09:58,2,1,000514600000,1,12
09/17/2009 09:09:58,2,1,000031700009,1,13
09/17/2009 09:09:58,2,1,001328000000,1,14
09/17/2009 09:09:58,2,1,2631,1,15
09/17/2009 09:09:58,2,1,000161400008,1,16
09/17/2009 09:09:58,2,1,000508400005,1,17
09/17/2009 09:09:58,2,1,000508400005,1,18
09/17/2009 09:09:58,2,1,000508400005,1,19
09/17/2009 09:09:58,2,1,000508400005,1,20
09/17/2009 09:09:58,2,1,000446800004,1,21
09/17/2009 09:09:58,2,1,001239700006,1,22
09/17/2009 09:09:58,2,1,001239700006,1,23
09/17/2009 09:09:58,2,1,000430800003,4,24
09/17/2009 09:09:58,2,1,000430800003,1,25
09/17/2009 09:09:58,2,1,000430800003,1,26
09/17/2009 09:09:58,2,1,000430800003,1,27
09/17/2009 09:09:58,2,1,000430800003,1,28
09/17/2009 09:09:58,2,1,000430800003,1,29
09/17/2009 09:09:58,2,1,001239700006,1,30
09/17/2009 09:09:58,2,1,000430800003,1,31
09/17/2009 09:09:58,2,1,000430800003,1,32
09/17/2009 09:09:58,2,1,000449900008,1,33
09/17/2009 09:09:58,2,1,001239600009,1,34
09/17/2009 09:09:58,2,1,001239600009,1,35
09/17/2009 09:09:58,2,1,000524300006,1,36
09/17/2009 09:09:58,2,1,000524300006,1,37
09/17/2009 09:09:58,2,1,001239600009,11,38
09/17/2009 09:09:58,2,1,000524300006,1,39
09/17/2009 09:09:58,2,1,000524300006,7,40
09/17/2009 09:09:58,2,1,000524300006,2,41
09/17/2009 09:09:58,2,1,000438600001,1,42
09/17/2009 09:09:58,2,1,000438600001,1,43
09/17/2009 09:09:58,2,1,001253100004,1,44
09/17/2009 09:09:58,2,1,001253100004,1,45
09/17/2009 09:09:58,2,1,001253100004,1,46
09/17/2009 09:09:58,2,1,001253100004,1,47
09/17/2009 09:09:58,2,1,000437900003,1,48
09/17/2009 09:09:58,2,1,001239700006,1,49
09/17/2009 09:09:58,2,1,001239700006,1,50
09/17/2009 09:09:58,2,1,001214600000,17,51
09/17/2009 09:09:58,2,1,000382200005,1,52
09/17/2009 09:09:58,2,1,000382200005,1,53
09/17/2009 09:09:58,2,1,3420811170001,1,54
09/17/2009 09:09:58,2,1,12145,1,55
09/17/2009 09:09:58,2,1,12145,1,56
09/17/2009 09:09:58,2,1,735,1,57
09/17/2009 09:09:58,2,1,000490100006,1,58
09/17/2009 09:09:58,2,1,12145,1,59
09/17/2009 09:09:58,2,1,001672200002,1,60
09/17/2009 09:09:58,2,1,001329000009,1,61
09/17/2009 09:09:58,2,1,001329000009,1,62
09/17/2009 09:09:58,2,1,001672200002,1,63
09/17/2009 09:09:58,2,1,001258500007,1,64
09/17/2009 09:09:58,2,1,001258500007,1,65
09/17/2009 09:09:58,2,1,000382200005,1,66
09/17/2009 09:09:58,2,1,000073500001,1,67
09/17/2009 09:09:58,2,1,001672100005,1,68
09/17/2009 09:09:58,2,1,001672100005,1,69
09/17/2009 09:09:58,2,1,001672100005,1,70
09/17/2009 09:09:58,2,1,01671100,1,71
09/17/2009 09:09:58,2,1,000489200007,1,72
09/17/2009 09:09:58,2,1,000683200001,1,73
09/17/2009 09:09:58,2,1,001674100003,1,74
09/17/2009 09:09:58,2,1,001674100003,1,75
09/17/2009 09:09:58,2,1,001674100003,1,76
09/17/2009 09:09:58,2,1,001674100003,1,77
09/17/2009 09:09:58,2,1,001674100003,1,78
09/17/2009 09:09:58,2,1,000486100003,1,79
09/17/2009 09:09:58,2,1,000486100003,1,80
09/17/2009 09:09:58,2,1,000486100003,1,81
09/17/2009 09:09:58,2,1,000486100003,1,82
09/17/2009 09:09:58,2,1,000486100003,1,83
09/17/2009 09:09:58,2,1,001263000004,1,84
09/17/2009 09:09:58,2,1,001263000004,1,85
09/17/2009 09:09:58,2,1,001263000004,1,86
09/17/2009 09:09:58,2,1,001263000004,1,87
09/17/2009 09:09:58,2,1,001263000004,1,88
09/17/2009 09:09:58,2,1,001323500000,1,89
09/17/2009 09:09:58,2,1,001323500000,1,90
09/17/2009 09:09:58,2,1,001323500000,1,91
09/17/2009 09:09:58,2,1,001323500000,1,92
09/17/2009 09:09:58,2,1,001323500000,1,93
09/17/2009 09:09:58,2,1,001674200000,1,94
09/17/2009 09:09:58,2,1,001674200000,1,95
09/17/2009 09:09:58,2,1,16742,1,96
09/17/2009 09:09:58,2,1,16742,1,97
09/17/2009 09:09:58,2,1,16742,1,98
09/17/2009 09:09:58,2,1,001324600006,1,99
09/17/2009 09:09:58,2,1,001294600006,1,100
09/17/2009 09:09:58,2,1,001672000008,1,101
09/17/2009 09:09:58,2,1,001671900002,1,102
09/17/2009 09:09:58,2,1,001668400003,1,103
09/17/2009 09:09:58,2,1,001668400003,1,104
09/17/2009 09:09:58,2,1,000858000009,1,105
09/17/2009 09:09:58,2,1,12582,1,106
09/17/2009 09:09:58,2,1,000858000009,1,107
09/17/2009 09:09:58,2,1,10724,1,108
09/17/2009 09:09:58,2,1,001337700007,1,109
09/17/2009 09:09:58,2,1,001337700007,1,110
09/17/2009 09:09:58,2,1,001324000004,1,111
09/17/2009 09:09:58,2,1,001292000006,1,112
09/17/2009 09:09:58,2,1,3974,3,113
09/17/2009 09:09:58,2,1,001292000006,1,114
09/17/2009 09:09:58,2,1,000628900003,5,115
09/17/2009 09:09:58,2,1,000411900005,7,116
09/17/2009 09:09:58,2,1,000085300002,1,117
09/17/2009 09:09:58,2,1,4563,1,118
09/17/2009 09:09:58,2,1,001285700005,8,119
09/17/2009 09:09:58,2,1,12864,1,120
09/17/2009 09:09:58,2,1,000677200000,1,121
09/17/2009 09:09:58,2,1,000097600008,1,122
09/17/2009 09:09:58,2,1,000404200006,1,123
09/17/2009 09:09:58,2,1,000117300000,1,124
09/17/2009 09:09:58,2,1,001223900009,1,125
09/17/2009 09:09:58,2,1,001223900009,1,126
09/17/2009 09:09:58,2,1,001358500006,1,127
09/17/2009 09:09:58,2,1,001272900005,1,128
09/17/2009 09:09:58,2,1,001272900005,1,129
09/17/2009 09:09:58,2,1,000127300007,1,130
09/17/2009 09:09:58,2,1,000127300007,1,131
09/17/2009 09:09:58,2,1,001258300003,1,132
09/17/2009 09:09:58,2,1,001258300003,1,133
09/17/2009 09:09:58,2,1,001258300003,1,134
09/17/2009 09:09:58,2,1,001258300003,1,135
09/17/2009 09:09:58,2,1,001258300003,1,136
09/17/2009 09:09:58,2,1,001258300003,1,137
09/17/2009 09:09:58,2,1,001258300003,1,138
09/17/2009 09:09:58,2,1,001258300003,1,139
09/17/2009 09:09:58,2,1,001258300003,1,140
09/17/2009 09:09:58,2,1,001258300003,1,141
09/17/2009 09:09:58,2,1,001258300003,1,142
09/17/2009 09:09:58,2,1,000411900005,1,143
09/17/2009 09:09:58,2,1,001258400000,1,144
09/17/2009 09:09:58,2,1,001258400000,1,145
09/17/2009 09:09:58,2,1,001258400000,1,146
09/17/2009 09:09:58,2,1,000903900001,1,147
09/17/2009 09:09:58,2,1,000903900001,1,148
09/17/2009 09:09:58,2,1,000903900001,1,149
09/17/2009 09:09:58,2,1,000903900001,1,150
09/17/2009 09:09:58,2,1,000903900001,1,151
09/17/2009 09:09:58,2,1,000903900001,1,152
09/17/2009 09:09:58,2,1,000903900001,1,153
09/17/2009 09:09:58,2,1,000903900001,1,154
09/17/2009 09:09:58,2,1,000903900001,1,155
09/17/2009 09:09:58,2,1,000903900001,1,156
09/17/2009 09:09:58,2,1,000903900001,1,157
09/17/2009 09:09:58,2,1,001228400009,1,158
09/17/2009 09:09:58,2,1,001228400009,1,159
09/17/2009 09:09:58,2,1,001228400009,1,160
09/17/2009 09:09:58,2,1,001228400009,1,161
09/17/2009 09:09:58,2,1,001228400009,1,162
09/17/2009 09:09:58,2,1,001228400009,1,163
09/17/2009 09:09:58,2,1,001228400009,1,164
09/17/2009 09:09:58,2,1,001228400009,1,165
09/17/2009 09:09:58,2,1,001228400009,1,166
09/17/2009 09:09:58,2,1,001228400009,1,167
09/17/2009 09:09:58,2,1,001228400009,1,168
09/17/2009 09:09:58,2,1,001234500007,1,169
09/17/2009 09:09:58,2,1,001234500007,1,170
09/17/2009 09:09:58,2,1,001234500007,1,171
09/17/2009 09:09:58,2,1,001234500007,1,172
09/17/2009 09:09:58,2,1,001234500007,1,173
09/17/2009 09:09:58,2,1,001234500007,1,174
09/17/2009 09:09:58,2,1,001228500006,1,175
09/17/2009 09:09:58,2,1,001228500006,1,176
09/17/2009 09:09:58,2,1,001228500006,1,177
09/17/2009 09:09:58,2,1,001228500006,1,178
09/17/2009 09:09:58,2,1,001228500006,1,179
09/17/2009 09:09:58,2,1,001228500006,1,180
09/17/2009 09:09:58,2,1,001228500006,1,181
09/17/2009 09:09:58,2,1,001228500006,1,182
09/17/2009 09:09:58,2,1,001228500006,1,183
09/17/2009 09:09:58,2,1,001228500006,1,184
09/17/2009 09:09:58,2,1,001228500006,7,185
09/17/2009 09:09:58,2,1,001234500007,1,186
09/17/2009 09:09:58,2,1,001234500007,1,187
09/17/2009 09:09:58,2,1,001234500007,1,188
09/17/2009 09:09:58,2,1,001234500007,1,189
09/17/2009 09:09:58,2,1,001234500007,1,190
09/17/2009 09:09:58,2,1,000515700006,1,191
09/17/2009 09:09:58,2,1,001239500002,1,192
09/17/2009 09:09:58,2,1,001239500002,1,193
09/17/2009 09:09:58,2,1,001239500002,1,194
09/17/2009 09:09:58,2,1,001239200001,1,195
09/17/2009 09:09:58,2,1,001239200001,1,196
09/17/2009 09:09:58,2,1,001239200001,1,197
09/17/2009 09:09:58,2,1,001337600000,1,198
09/17/2009 09:09:58,2,1,001239500002,1,199
09/17/2009 09:09:58,2,1,12392,12,200
09/17/2009 09:09:58,2,1,000586200009,10,201
09/17/2009 09:09:58,2,1,000586200009,10,202
09/17/2009 09:09:58,2,1,000586200009,10,203
09/17/2009 09:09:58,2,1,001169600001,1,204
09/17/2009 09:09:58,2,1,001169600001,1,205
09/17/2009 09:09:58,2,1,001169600001,1,206
09/17/2009 09:09:58,2,1,001169600001,1,207
09/17/2009 09:09:58,2,1,001674000006,1,208
09/17/2009 09:09:58,2,1,001674000006,1,209
09/17/2009 09:09:58,2,1,001674000006,1,210
09/17/2009 09:09:58,2,1,001674000006,1,211
09/17/2009 09:09:58,2,1,07704444,1,212
09/17/2009 09:09:58,2,1,001674000006,1,213
09/17/2009 09:09:58,2,1,001674000006,1,214
09/17/2009 09:09:58,2,1,001674000006,1,215
09/17/2009 09:09:58,2,1,001674000006,1,216
09/17/2009 09:09:58,2,1,001674000006,1,217
09/17/2009 09:09:58,2,1,001228400009,1,218
09/17/2009 09:09:58,2,1,001228400009,1,219
09/17/2009 09:09:58,2,1,001228400009,1,220
09/17/2009 09:09:58,2,1,001228400009,1,221
09/17/2009 09:09:58,2,1,001228400009,1,222
09/17/2009 09:09:58,2,1,001228400009,1,223
09/17/2009 09:09:58,2,1,001258400000,1,224
09/17/2009 09:09:58,2,1,001258400000,1,225
09/17/2009 09:09:58,2,1,001258400000,1,226
09/17/2009 09:09:58,2,1,001258400000,1,227
09/17/2009 09:09:58,2,1,001258400000,1,228
09/17/2009 09:09:58,2,1,001258400000,1,229
09/17/2009 09:09:58,2,1,001258600004,1,230
09/17/2009 09:09:58,2,1,001258600004,1,231
09/17/2009 09:09:58,2,1,001258600004,1,232
09/17/2009 09:09:58,2,1,001258600004,1,233
09/17/2009 09:09:58,2,1,001258600004,1,234
09/17/2009 09:09:58,2,1,001258600004,1,235
09/17/2009 09:09:58,2,1,001258600004,11,236
09/17/2009 09:09:58,2,1,001202100000,1,237
09/17/2009 09:09:58,2,1,001202100000,1,238
09/17/2009 09:09:58,2,1,001202100000,1,239
09/17/2009 09:09:58,2,1,001202100000,1,240
09/17/2009 09:09:58,2,1,001202100000,1,241
09/17/2009 09:09:58,2,1,001202100000,1,242
09/17/2009 09:09:58,2,1,001202100000,1,243
09/17/2009 09:09:58,2,1,001202100000,1,244
09/17/2009 09:09:58,2,1,001202100000,1,245
09/17/2009 09:09:58,2,1,001202100000,1,246
09/17/2009 09:09:58,2,1,001202100000,1,247
09/17/2009 09:09:58,2,1,001324500009,1,248
09/17/2009 09:09:58,2,1,001324500009,1,249
09/17/2009 09:09:58,2,1,001324500009,1,250
09/17/2009 09:09:58,2,1,000929200000,1,251
09/17/2009 09:09:58,2,1,000929200000,1,252
09/17/2009 09:09:58,2,1,000431000006,7,253
09/17/2009 09:09:58,2,1,001258400000,1,254
09/17/2009 09:09:58,2,1,001258400000,1,255
09/17/2009 09:09:58,2,1,001078600000,16,256
09/17/2009 09:09:58,2,1,001334200005,1,257
09/17/2009 09:09:58,2,1,001334200005,1,258
09/17/2009 09:09:58,2,1,001334200005,1,259
09/17/2009 09:09:58,2,1,001334200005,1,260
09/17/2009 09:09:58,2,1,001334200005,1,261
09/17/2009 09:09:58,2,1,001361100002,1,262
09/17/2009 09:09:58,2,1,001361100002,1,263
09/17/2009 09:09:58,2,1,001361300006,1,264
09/17/2009 09:09:58,2,1,001361300006,5,265
09/17/2009 09:09:58,2,1,000760100002,1,266
09/17/2009 09:09:58,2,1,000760100002,1,267
09/17/2009 09:09:58,2,1,000760100002,1,268
09/17/2009 09:09:58,2,1,000760100002,7,269
09/17/2009 09:09:58,2,1,000855900005,1,270
09/17/2009 09:09:58,2,1,000855900005,1,271
09/17/2009 09:09:58,2,1,001284700006,1,272
09/17/2009 09:09:58,2,1,001357300003,1,273
09/17/2009 09:09:58,2,1,000222800006,1,274
09/17/2009 09:09:58,2,1,001320700007,1,275
09/17/2009 09:09:58,2,1,001320700007,1,276
09/17/2009 09:09:58,2,1,001320500003,1,277
09/17/2009 09:09:58,2,1,001320800004,1,278
09/17/2009 09:09:58,2,1,001321500002,1,280
09/17/2009 09:09:58,2,1,001321500002,1,281
09/17/2009 09:09:58,2,1,001321400005,1,282
09/17/2009 09:09:58,2,1,001321100004,1,283
09/17/2009 09:09:58,2,1,001321100004,1,284
09/17/2009 09:09:58,2,1,001674400004,1,286
09/17/2009 09:09:58,2,1,001674400004,1,287
09/17/2009 09:09:58,2,1,001214100005,1,288
09/17/2009 09:09:58,2,1,001214100005,1,289
09/17/2009 09:09:58,2,1,001214100005,1,290
09/17/2009 09:09:58,2,1,001214200002,3,291
09/17/2009 09:09:58,2,1,001320600000,1,292
09/17/2009 09:09:58,2,1,001320600000,1,293
09/17/2009 09:09:58,2,1,001320600000,1,294
09/17/2009 09:09:58,2,1,001320400006,1,295
09/17/2009 09:09:58,2,1,001320400006,1,296
09/17/2009 09:09:58,2,1,001321200001,1,298
09/17/2009 09:09:58,2,1,001321200001,1,299
09/17/2009 09:09:58,2,1,4826,1,301
09/17/2009 09:09:58,2,1,5814,1,302
09/17/2009 09:09:58,2,1,001666900000,1,303
09/17/2009 09:09:58,2,1,001666900000,1,304
09/17/2009 09:09:58,2,1,001666900000,1,305
09/17/2009 09:09:58,2,1,000395200009,1,306
09/17/2009 09:09:58,2,1,000395200009,1,307
09/17/2009 09:09:58,2,1,000395200009,1,308
09/17/2009 09:09:58,2,1,000395200009,1,309
09/17/2009 09:09:58,2,1,001212200004,1,310
09/17/2009 09:09:58,2,1,001212200004,1,311
09/17/2009 09:09:58,2,1,001212200004,1,312
09/17/2009 09:09:58,2,1,001212200004,1,313
09/17/2009 09:09:58,2,1,001212200004,1,314
09/17/2009 09:09:58,2,1,001212200004,1,315
09/17/2009 09:09:58,2,1,001212200004,1,316
09/17/2009 09:09:58,2,1,001212200004,1,317
09/17/2009 09:09:58,2,1,001212200004,1,318
09/17/2009 09:09:58,2,1,001212200004,1,319
09/17/2009 09:09:58,2,1,001212200004,1,320
09/17/2009 09:09:58,2,1,001212200004,1,321
09/17/2009 09:09:58,2,1,001212200004,1,322
09/17/2009 09:09:58,2,1,001212200004,1,323
09/17/2009 09:09:58,2,1,001212200004,1,324
09/17/2009 09:09:58,2,1,001212200004,1,325
09/17/2009 09:09:58,2,1,001206000009,1,326
09/17/2009 09:09:58,2,1,001212200004,1,327
09/17/2009 09:09:58,2,1,001212200004,1,328
09/17/2009 09:09:58,2,1,001212200004,1,329
09/17/2009 09:09:58,2,1,001212200004,1,330
09/17/2009 09:09:58,2,1,001212200004,1,331
09/17/2009 09:09:58,2,1,001212200004,1,332
09/17/2009 09:09:58,2,1,001215800003,1,333
09/17/2009 09:09:58,2,1,001215800003,1,334
09/17/2009 09:09:58,2,1,001215800003,1,335
09/17/2009 09:09:58,2,1,001215800003,1,336
09/17/2009 09:09:58,2,1,001215800003,1,337
09/17/2009 09:09:58,2,1,001215800003,1,338
09/17/2009 09:09:58,2,1,001215800003,1,339
09/17/2009 09:09:58,2,1,001206000009,1,340
09/17/2009 09:09:58,2,1,001206000009,1,341
09/17/2009 09:09:58,2,1,001206000009,1,342
09/17/2009 09:09:58,2,1,001206000009,1,343
09/17/2009 09:09:58,2,1,001206000009,1,344
09/17/2009 09:09:58,2,1,001206000009,1,345
09/17/2009 09:09:58,2,1,001206000009,1,346
09/17/2009 09:09:58,2,1,001206000009,1,347
09/17/2009 09:09:58,2,1,001206000009,1,348
09/17/2009 09:09:58,2,1,000024300001,10,349
09/17/2009 09:09:58,2,1,001212000000,1,350
09/17/2009 09:09:58,2,1,001212000000,1,351
09/17/2009 09:09:58,2,1,001206000009,1,352
09/17/2009 09:09:58,2,1,000043300006,6,353
09/17/2009 09:09:58,2,1,000043300006,6,354
09/17/2009 09:09:58,2,1,000043300006,6,355
09/17/2009 09:09:58,2,1,000043300006,6,356
09/17/2009 09:09:58,2,1,000044700003,6,357
09/17/2009 09:09:58,2,1,000044700003,6,358
09/17/2009 09:09:58,2,1,001028700002,1,359
09/17/2009 09:09:58,2,1,000185700009,1,360
09/17/2009 09:09:58,2,1,001028700002,1,361
09/17/2009 09:09:58,2,1,001028700002,1,362
09/17/2009 09:09:58,2,1,000883500000,1,363
09/17/2009 09:09:58,2,1,000883500000,1,364
09/17/2009 09:09:58,2,1,000883500000,1,365
09/17/2009 09:09:58,2,1,000883500000,1,366
09/17/2009 09:09:58,2,1,000883500000,1,367
09/17/2009 09:09:58,2,1,000883500000,1,368
09/17/2009 09:09:58,2,1,000883500000,1,369
09/17/2009 09:09:58,2,1,000033500003,5,370
09/17/2009 09:09:58,2,1,000568000009,1,371
09/17/2009 09:09:58,2,1,000679000004,1,372
09/17/2009 09:09:58,2,1,000407100006,1,373
09/17/2009 09:09:58,2,1,000407100006,1,374
09/17/2009 09:09:58,2,1,001344000008,1,375
09/17/2009 09:09:58,2,1,001344000008,1,376
09/17/2009 09:09:58,2,1,001344000008,1,377
09/17/2009 09:09:58,2,1,000118100005,1,378
09/17/2009 09:09:58,2,1,000118100005,1,379
09/17/2009 09:09:58,2,1,001344100005,1,380
09/17/2009 09:09:58,2,1,001344100005,1,381
09/17/2009 09:09:58,2,1,001344100005,1,382
09/17/2009 09:09:58,2,1,001666800003,1,383
09/17/2009 09:09:58,2,1,001666800003,1,384
09/17/2009 09:09:58,2,1,001666800003,1,385
09/17/2009 09:09:58,2,1,000509500001,1,386
09/17/2009 09:09:58,2,1,000928100004,1,387
09/17/2009 09:09:58,2,1,000928100004,1,388
09/17/2009 09:09:58,2,1,000056200003,1,389
09/17/2009 09:09:58,2,1,000056200003,1,390
09/17/2009 09:09:58,2,1,000056200003,1,391
09/17/2009 09:09:58,2,1,000883500000,1,392
09/17/2009 09:09:58,2,1,000883500000,1,393
09/17/2009 09:09:58,2,1,000883500000,1,394
09/17/2009 09:09:58,2,1,000883500000,1,395
09/17/2009 09:09:58,2,1,000883500000,1,396
09/17/2009 09:09:58,2,1,000883500000,1,397
09/17/2009 09:09:58,2,1,000883500000,1,398
09/17/2009 09:09:58,2,1,000185700009,1,399
09/17/2009 09:09:58,2,1,000066900009,1,400
09/17/2009 09:09:58,2,1,000066900009,1,401
09/17/2009 09:09:58,2,1,543,1,402
09/17/2009 09:09:58,2,1,000185700009,1,403
09/17/2009 09:09:58,2,1,000185700009,1,404
09/17/2009 09:09:58,2,1,000185700009,1,405
09/17/2009 09:09:58,2,1,001283500003,1,406
09/17/2009 09:09:58,2,1,001283500003,1,407
09/17/2009 09:09:58,2,1,001283500003,1,408
09/17/2009 09:09:58,2,1,001283500003,1,409
09/17/2009 09:09:58,2,1,001283500003,1,410
09/17/2009 09:09:58,2,1,001283500003,1,411
09/17/2009 09:09:58,2,1,001283500003,1,412
09/17/2009 09:09:58,2,1,001283500003,1,413
09/17/2009 09:09:58,2,1,001283500003,1,414
09/17/2009 09:09:58,2,1,001283500003,1,415
09/17/2009 09:09:58,2,1,001283500003,1,416
09/17/2009 09:09:58,2,1,001283500003,1,417
09/17/2009 09:09:58,2,1,001283500003,1,418
09/17/2009 09:09:58,2,1,001283500003,1,419
09/17/2009 09:09:58,2,1,001283500003,1,420
09/17/2009 09:09:58,2,1,001283500003,1,421
09/17/2009 09:09:58,2,1,001283500003,1,422
09/17/2009 09:09:58,2,1,001283500003,1,423
09/17/2009 09:09:58,2,1,000078100008,1,424
09/17/2009 09:09:58,2,1,000078100008,1,425
09/17/2009 09:09:58,2,1,000017100007,1,426
09/17/2009 09:09:58,2,1,000014200007,1,427
09/17/2009 09:09:58,2,1,000014200007,1,428
09/17/2009 09:09:58,2,1,000968500000,1,429
09/17/2009 09:09:58,2,1,001189100000,1,430
09/17/2009 09:09:58,2,1,001666800003,1,431
09/17/2009 09:09:58,2,1,001666800003,1,432
09/17/2009 09:09:58,2,1,001669100001,1,433
09/17/2009 09:09:58,2,1,001669100001,106,434
09/17/2009 09:09:58,2,1,13333,1,435
09/17/2009 09:09:58,2,1,13333,2,436
09/17/2009 09:09:58,2,1,000033500003,11,437
09/17/2009 09:09:58,2,1,000679000004,1,438
09/17/2009 09:09:58,2,1,000568000009,5,439
09/17/2009 09:09:58,2,1,000679000004,3,440
09/17/2009 09:09:58,2,1,000013600006,16,441
09/17/2009 09:09:58,2,1,000033600000,11,442
09/17/2009 09:09:58,2,1,000033300009,4,443
09/17/2009 09:09:58,2,1,5365,1,444
09/17/2009 09:09:58,2,1,000388900008,1,445
09/17/2009 09:09:58,2,1,000580000001,1,446
09/17/2009 09:09:58,2,1,000954400000,1,447
09/17/2009 09:09:58,2,1,000954400000,2,448
09/17/2009 09:09:58,2,1,001672900001,12,449
09/17/2009 09:09:58,2,1,001669200008,12,450
09/17/2009 09:09:58,2,1,225,1,451
09/17/2009 09:09:58,2,1,001229700009,1,452
09/17/2009 09:09:58,2,1,000066900009,2,453
09/17/2009 09:09:58,2,1,000581300001,1,454
09/17/2009 09:09:58,2,1,000033300009,1,455
09/17/2009 09:09:58,2,1,000033600000,1,456
09/17/2009 09:09:58,2,1,000033300009,1,457
09/17/2009 09:09:58,2,1,000033600000,1,458
09/17/2009 09:09:58,2,1,000679000004,1,459
09/17/2009 09:09:58,2,1,000536500005,1,460
09/17/2009 09:09:58,2,1,000954400000,24,461
09/17/2009 09:09:58,2,1,001274600002,7,462
09/17/2009 09:09:58,2,1,12662,1,463
09/17/2009 09:09:58,2,1,000507100005,1,464
09/17/2009 09:09:58,2,1,000210800001,1,465
09/17/2009 09:09:58,2,1,000388100002,1,466
09/17/2009 09:09:58,2,1,333,1,467
09/17/2009 09:09:58,2,1,7199,3,468
09/17/2009 09:09:58,2,1,001278800002,18,469
09/17/2009 09:09:58,2,1,001278700005,6,470
09/17/2009 09:09:58,2,1,001278800002,5,471
09/17/2009 09:09:58,2,1,001666800003,1,472
09/17/2009 09:09:58,2,1,001666800003,1,473
09/17/2009 09:09:58,2,1,10678,1,474
09/17/2009 09:09:58,2,1,10678,13,475
09/17/2009 09:09:58,2,1,8763,1,476
09/17/2009 09:09:58,2,1,8763,1,477
09/17/2009 09:09:58,2,1,8763,1,478
09/17/2009 09:09:58,2,1,3973,1,479
09/17/2009 09:09:58,2,1,12620,1,480
09/17/2009 09:09:58,2,1,1858,1,481
09/17/2009 09:09:58,2,1,6882,1,482
09/17/2009 09:09:58,2,1,7958,1,483
09/17/2009 09:09:58,2,1,3933,1,484
09/17/2009 09:09:58,2,1,546,1,485
09/17/2009 09:09:58,2,1,5525,1,486
09/17/2009 09:09:58,2,1,5525,1,487
09/17/2009 09:09:58,2,1,10682,1,488
09/17/2009 09:09:58,2,1,16691,1,489
09/17/2009 09:09:58,2,1,16683,1,490
09/17/2009 09:09:58,2,1,16683,1,491
09/17/2009 09:09:58,2,1,12790,1,492
09/17/2009 09:09:58,2,1,543,1,493
09/17/2009 09:09:58,2,1,592,1,494
09/17/2009 09:09:58,2,1,12220,1,495
09/17/2009 09:31:30,2,1,001325400001,1,1
09/17/2009 09:31:30,2,1,001325400001,1,2
09/17/2009 09:31:30,2,1,001325400001,1,3
09/17/2009 09:31:30,2,1,001325400001,1,4
09/17/2009 09:31:30,2,1,001325400001,1,5
09/17/2009 09:31:30,2,1,001325400001,1,6
09/17/2009 09:31:30,2,1,001325400001,1,7
09/17/2009 09:31:30,2,1,001325400001,1,8
09/17/2009 09:31:30,2,1,000111800001,13,9
09/17/2009 09:31:30,2,1,001315200000,1,10
09/17/2009 09:31:30,2,1,001315200000,1,11
09/17/2009 09:31:30,2,1,001315200000,1,12
09/17/2009 09:31:30,2,1,001315200000,1,13
09/17/2009 09:31:30,2,1,001315200000,1,14
09/17/2009 09:31:30,2,1,001315200000,1,15
09/17/2009 09:31:30,2,1,001315200000,1,16
09/17/2009 09:31:30,2,1,001315200000,1,17
09/17/2009 09:31:30,2,1,001315200000,1,18
09/17/2009 09:31:30,2,1,001315200000,1,19
09/17/2009 09:31:30,2,1,001315200000,1,20
09/17/2009 09:31:30,2,1,001315200000,1,21
09/17/2009 09:31:30,2,1,001315200000,13,22
09/17/2009 09:31:30,2,1,000547800002,1,23
09/17/2009 09:31:30,2,1,000547800002,1,24
09/17/2009 09:31:30,2,1,001323100002,5,25
09/17/2009 09:31:30,2,1,001323100002,6,26
09/17/2009 09:31:30,2,1,001323100002,6,27
09/17/2009 09:31:30,2,1,001323100002,6,28
09/17/2009 09:31:30,2,1,001323100002,5,29
09/17/2009 09:31:30,2,1,000448500001,1,30
09/17/2009 09:31:30,2,1,000448500001,1,31
09/17/2009 09:31:30,2,1,000448500001,1,32
09/17/2009 09:31:30,2,1,001326100009,1,33
09/17/2009 09:31:30,2,1,12142,1,34
09/17/2009 09:31:30,2,1,001341600003,1,35
09/17/2009 09:31:30,2,1,001341600003,1,36
09/17/2009 09:31:30,2,1,001670600002,1,37
09/17/2009 09:31:30,2,1,001670600002,1,38
09/17/2009 09:31:30,2,1,001670600002,1,39
09/17/2009 09:31:30,2,1,001342100007,1,40
09/17/2009 09:31:30,2,1,001341700000,1,41
09/17/2009 09:31:30,2,1,001314100004,1,42
09/17/2009 09:31:30,2,1,12940,1,43
09/17/2009 09:31:30,2,1,001197000002,1,44
09/17/2009 09:31:30,2,1,000245400009,1,45
09/17/2009 09:31:30,2,1,000589400000,1,46
09/17/2009 09:31:30,2,1,000589400000,1,47
09/17/2009 09:31:30,2,1,000439100005,1,48
09/17/2009 09:31:30,2,1,000439100005,1,49
09/17/2009 09:31:30,2,1,000439100005,1,50
09/17/2009 09:31:30,2,1,000437400008,1,51
09/17/2009 09:31:30,2,1,000437400008,1,52
09/17/2009 09:31:30,2,1,001264700002,1,53
09/17/2009 09:31:30,2,1,001264700002,1,54
09/17/2009 09:31:30,2,1,001264700002,1,55
09/17/2009 09:31:30,2,1,001264700002,1,56
09/17/2009 09:31:30,2,1,001264700002,1,57
09/17/2009 09:31:30,2,1,001264700002,1,58
09/17/2009 09:31:30,2,1,001264700002,1,59
09/17/2009 09:31:30,2,1,001277800003,1,60
09/17/2009 09:31:30,2,1,000449900008,1,61
09/17/2009 09:31:30,2,1,001239700006,1,62
09/17/2009 09:31:30,2,1,001239700006,1,63
09/17/2009 09:31:30,2,1,001239700006,1,64
09/17/2009 09:31:30,2,1,001239700006,1,65
09/17/2009 09:31:30,2,1,001239700006,1,66
09/17/2009 09:31:30,2,1,001239700006,1,67
09/17/2009 09:31:30,2,1,001239700006,1,68
09/17/2009 09:31:30,2,1,001239700006,11,69
09/17/2009 09:31:30,2,1,000589400000,1,70
09/17/2009 09:31:30,2,1,000449900008,1,71
09/17/2009 09:31:30,2,1,000449900008,1,72
09/17/2009 09:31:30,2,1,001672700007,1,73
09/17/2009 09:31:30,2,1,001672700007,1,74
09/17/2009 09:31:30,2,1,001672700007,1,75
09/17/2009 09:31:30,2,1,001672700007,1,76
09/17/2009 09:31:30,2,1,001672700007,1,77
09/17/2009 09:31:30,2,1,001672700007,1,78
09/17/2009 09:31:30,2,1,001672700007,1,79
09/17/2009 09:31:30,2,1,001672700007,1,80
09/17/2009 09:31:30,2,1,001672700007,1,81
09/17/2009 09:31:30,2,1,001672700007,1,82
09/17/2009 09:31:30,2,1,001672700007,1,83
09/17/2009 09:31:30,2,1,001672700007,1,84
09/17/2009 09:31:30,2,1,000676700006,1,85
09/17/2009 09:31:30,2,1,000676700006,1,86
09/17/2009 09:31:30,2,1,001668900008,1,87
09/17/2009 09:31:30,2,1,001668800001,1,88
09/17/2009 09:31:30,2,1,001668800001,1,89
09/17/2009 09:31:30,2,1,001668900008,1,90
09/17/2009 09:31:30,2,1,001668900008,1,91
09/17/2009 09:31:30,2,1,001668900008,1,92
09/17/2009 09:31:30,2,1,001668900008,1,93
09/17/2009 09:31:30,2,1,001668900008,17,94
09/17/2009 09:31:30,2,1,001668800001,1,95
09/17/2009 09:31:30,2,1,001668800001,1,96
09/17/2009 09:31:30,2,1,001668800001,1,97
09/17/2009 09:31:30,2,1,001668800001,1,98
09/17/2009 09:31:30,2,1,001668800001,1,99
09/17/2009 09:31:30,2,1,001668800001,1,100
09/17/2009 09:31:30,2,1,001668800001,1,101
09/17/2009 09:31:30,2,1,001668800001,1,102
09/17/2009 09:31:30,2,1,001668800001,1,103
09/17/2009 09:31:30,2,1,001668800001,1,104
09/17/2009 09:31:30,2,1,001668800001,1,105
09/17/2009 09:31:30,2,1,001668800001,1,106
09/17/2009 09:31:30,2,1,001668800001,1,107
09/17/2009 09:31:30,2,1,001668800001,1,108
09/17/2009 09:31:30,2,1,001668800001,1,109
09/17/2009 09:31:30,2,1,001668800001,1,110
09/17/2009 09:31:30,2,1,001668800001,1,111
09/17/2009 09:31:30,2,1,001264700002,9,112
09/17/2009 09:31:30,2,1,5134,1,113
09/17/2009 09:31:30,2,1,12221,1,114
09/17/2009 09:31:30,2,1,000458900006,1,115
09/17/2009 09:31:30,2,1,000085700000,1,116
09/17/2009 09:31:30,2,1,13554,5,117
09/17/2009 09:31:30,2,1,4035,1,118
09/17/2009 09:31:30,2,1,12438,1,119
09/17/2009 09:31:30,2,1,000377300000,1,120
09/17/2009 09:31:30,2,1,000377300000,1,121
09/17/2009 09:31:30,2,1,000377300000,1,122
09/17/2009 09:31:30,2,1,000377300000,1,123
09/17/2009 09:31:30,2,1,001669400002,1,124
09/17/2009 09:31:30,2,1,001669400002,1,125
09/17/2009 09:31:30,2,1,001669400002,1,126
09/17/2009 09:31:30,2,1,001669400002,1,127
09/17/2009 09:31:30,2,1,001669400002,1,128
09/17/2009 09:31:30,2,1,001669400002,1,129
09/17/2009 09:31:30,2,1,001669400002,1,130
09/17/2009 09:31:30,2,1,001669400002,1,131
09/17/2009 09:31:30,2,1,001669400002,1,132
09/17/2009 09:31:30,2,1,001669400002,1,133
09/17/2009 09:31:30,2,1,001669400002,1,134
09/17/2009 09:31:30,2,1,001669400002,1,135
09/17/2009 09:31:30,2,1,001669400002,1,136
09/17/2009 09:31:30,2,1,000097100003,11,137
09/17/2009 09:31:30,2,1,000097100003,46,138
09/17/2009 09:31:30,2,1,000097100003,1,139
09/17/2009 09:31:30,2,1,000097100003,1,140
09/17/2009 09:31:30,2,1,001224600007,1,141
09/17/2009 09:31:30,2,1,001361000005,1,142
09/17/2009 09:31:30,2,1,001361000005,1,143
09/17/2009 09:31:30,2,1,001361000005,1,144
09/17/2009 09:31:30,2,1,000387800002,7,145
09/17/2009 09:31:30,2,1,001127000003,1,146
09/17/2009 09:31:30,2,1,001127000003,1,147
09/17/2009 09:31:30,2,1,001167200005,1,148
09/17/2009 09:31:30,2,1,001167200005,1,149
09/17/2009 09:31:30,2,1,001285700005,8,150
09/17/2009 09:31:30,2,1,001285600008,6,151
09/17/2009 09:31:30,2,1,000101300009,1,152
09/17/2009 09:31:30,2,1,000101300009,1,153
09/17/2009 09:31:30,2,1,4295,1,154
09/17/2009 09:31:30,2,1,4328,1,155
09/17/2009 09:31:30,2,1,13253,2,156
09/17/2009 09:31:30,2,1,000135200009,1,157
09/17/2009 09:31:30,2,1,11516,1,158
09/17/2009 09:31:30,2,1,1174,1,159
09/17/2009 09:31:30,2,1,000458900006,1,160
09/17/2009 09:31:30,2,1,001339700005,1,161
09/17/2009 09:31:30,2,1,001339700005,1,162
09/17/2009 09:31:30,2,1,001339700005,1,163
09/17/2009 09:31:30,2,1,001339700005,1,164
09/17/2009 09:31:30,2,1,11419,1,165
09/17/2009 09:31:30,2,1,001150900004,1,166
09/17/2009 09:31:30,2,1,759,1,167
09/17/2009 09:31:30,2,1,000132300009,1,168
09/17/2009 09:31:30,2,1,000081900008,1,169
09/17/2009 09:31:30,2,1,001353700005,1,170
09/17/2009 09:31:30,2,1,001149200009,1,171
09/17/2009 09:31:30,2,1,13189,3,172
09/17/2009 09:31:30,2,1,12858,14,173
09/17/2009 09:31:30,2,1,13582,2,174
09/17/2009 09:31:30,2,1,000127700005,1,175
09/17/2009 09:31:30,2,1,000127700005,1,176
09/17/2009 09:31:30,2,1,000081900008,1,177
09/17/2009 09:31:30,2,1,000081900008,1,178
09/17/2009 09:31:30,2,1,000081900008,3,179
09/17/2009 09:31:30,2,1,000081900008,8,180
09/17/2009 09:31:30,2,1,001356900006,1,181
09/17/2009 09:31:30,2,1,001358500006,1,182
09/17/2009 09:31:30,2,1,000084200006,1,183
09/17/2009 09:31:30,2,1,001317600006,1,184
09/17/2009 09:31:30,2,1,001348300005,1,185
09/17/2009 09:31:30,2,1,001318800009,1,186
09/17/2009 09:31:30,2,1,001353800002,1,187
09/17/2009 09:31:30,2,1,001353400004,2,188
09/17/2009 09:31:30,2,1,000110000006,1,189
09/17/2009 09:31:30,2,1,001673900000,10,190
09/17/2009 09:31:30,2,1,001673900000,10,191
09/17/2009 09:31:30,2,1,001673900000,4,192
09/17/2009 09:31:30,2,1,001673900000,9,193
09/17/2009 09:31:30,2,1,001284800003,1,194
09/17/2009 09:31:30,2,1,001317600006,1,195
09/17/2009 09:31:30,2,1,000127700005,1,196
09/17/2009 09:31:30,2,1,13612,10,197
09/17/2009 09:31:30,2,1,7788,2,198
09/17/2009 09:31:30,2,1,001672500003,1,199
09/17/2009 09:31:30,2,1,001672500003,1,200
09/17/2009 09:31:30,2,1,001672500003,1,201
09/17/2009 09:31:30,2,1,001672500003,1,202
09/17/2009 09:31:30,2,1,001672500003,1,203
09/17/2009 09:31:30,2,1,001672500003,1,204
09/17/2009 09:31:30,2,1,001672500003,1,205
09/17/2009 09:31:30,2,1,001672500003,1,206
09/17/2009 09:31:30,2,1,001672500003,1,207
09/17/2009 09:31:30,2,1,001672500003,1,208
09/17/2009 09:31:30,2,1,001672500003,1,209
09/17/2009 09:31:30,2,1,001672500003,1,210
09/17/2009 09:31:30,2,1,001672500003,1,211
09/17/2009 09:31:30,2,1,001672500003,1,212
09/17/2009 09:31:30,2,1,001303100008,1,213
09/17/2009 09:31:30,2,1,001303100008,1,214
09/17/2009 09:31:30,2,1,001303100008,1,215
09/17/2009 09:31:30,2,1,001303100008,1,216
09/17/2009 09:31:30,2,1,001672400006,1,217
09/17/2009 09:31:30,2,1,001672400006,1,218
09/17/2009 09:31:30,2,1,001672400006,1,219
09/17/2009 09:31:30,2,1,001672400006,1,220
09/17/2009 09:31:30,2,1,001672400006,1,221
09/17/2009 09:31:30,2,1,001672400006,1,222
09/17/2009 09:31:30,2,1,001341500006,1,223
09/17/2009 09:31:30,2,1,001341500006,1,224
09/17/2009 09:31:30,2,1,001341500006,1,225
09/17/2009 09:31:30,2,1,001341500006,1,226
09/17/2009 09:31:30,2,1,000055200004,1,227
09/17/2009 09:31:30,2,1,000014200007,1,228
09/17/2009 09:31:30,2,1,000014200007,1,229
09/17/2009 09:31:30,2,1,000017100007,1,230
09/17/2009 09:31:30,2,1,000014200007,1,231
09/17/2009 09:31:30,2,1,000017100007,1,232
09/17/2009 09:31:30,2,1,000017100007,1,233
09/17/2009 09:31:30,2,1,000014200007,1,234
09/17/2009 09:31:30,2,1,000082900007,1,235
09/17/2009 09:31:30,2,1,000455900009,3,236
09/17/2009 09:31:30,2,1,001360200000,1,237
09/17/2009 11:20:57,2,1,001327800007,1,238
09/17/2009 11:20:57,2,1,001190700008,1,239
09/17/2009 11:20:57,2,1,000075500009,1,240
09/17/2009 11:20:57,2,1,001667100003,1,241
09/17/2009 11:20:57,2,1,001667100003,1,242
09/17/2009 11:20:57,2,1,001669900007,1,243
09/17/2009 11:20:57,2,1,001669900007,1,244
09/17/2009 11:20:57,2,1,001669900007,1,245
09/17/2009 11:20:57,2,1,000108700000,1,246
09/17/2009 11:20:57,2,1,001328000000,1,247
09/17/2009 11:20:57,2,1,000108700000,1,248
09/17/2009 11:20:57,2,1,000108700000,1,249
09/17/2009 11:20:57,2,1,001669400002,3,250
09/17/2009 11:20:57,2,1,001218200008,1,251
09/17/2009 11:20:57,2,1,001218200008,1,252
09/17/2009 11:20:57,2,1,001328100007,1,253
09/17/2009 11:20:57,2,1,000174100001,1,254
09/17/2009 11:20:57,2,1,000174100001,1,255
09/17/2009 11:20:57,2,1,16693,1,256
09/17/2009 11:20:57,2,1,16693,4,257
09/17/2009 11:20:57,2,1,001204800007,1,258
09/17/2009 11:20:57,2,1,001271800009,1,259
09/17/2009 11:20:57,2,1,2580,1,260
09/17/2009 11:20:57,2,1,2580,1,261
09/17/2009 11:20:57,2,1,7168,1,262
09/17/2009 11:20:57,2,1,000161400008,1,263
09/17/2009 11:20:57,2,1,000161400008,1,264
09/17/2009 11:20:57,2,1,000161400008,1,265
09/17/2009 11:20:57,2,1,001260000007,1,266
09/17/2009 11:20:57,2,1,12292,24,267
09/17/2009 11:20:57,2,1,12821,12,268
09/17/2009 11:20:57,2,1,001669400002,1,269
09/17/2009 11:20:57,2,1,001669400002,1,270
09/17/2009 11:20:57,2,1,001669400002,1,271
09/17/2009 11:20:57,2,1,001669400002,1,272
09/17/2009 11:20:57,2,1,001669400002,1,273
09/17/2009 11:20:57,2,1,001669400002,1,274
09/17/2009 11:20:57,2,1,001669400002,1,275
09/17/2009 11:20:57,2,1,001669400002,1,276
09/17/2009 11:20:57,2,1,001669400002,1,277
09/17/2009 11:20:57,2,1,001669400002,1,278
09/17/2009 11:20:57,2,1,001669400002,1,279
09/17/2009 11:20:57,2,1,001669400002,1,280
09/17/2009 11:20:57,2,1,001669400002,1,281
09/17/2009 11:20:57,2,1,001669400002,1,282
09/17/2009 11:20:57,2,1,001669400002,1,283
09/17/2009 11:20:57,2,1,001669400002,1,284
09/17/2009 11:20:57,2,1,001669400002,1,285
09/17/2009 11:20:57,2,1,001669400002,1,286
09/17/2009 11:20:57,2,1,001669400002,1,287
09/17/2009 11:20:57,2,1,001669400002,1,288
09/17/2009 11:20:57,2,1,001669400002,1,289
09/17/2009 11:20:57,2,1,001669400002,1,290
09/17/2009 11:20:57,2,1,001669400002,1,291
09/17/2009 11:20:57,2,1,001669400002,1,292
09/17/2009 11:20:57,2,1,001669400002,1,293
09/17/2009 11:20:57,2,1,001669400002,1,294
09/17/2009 11:20:57,2,1,001669400002,1,295
09/17/2009 11:20:57,2,1,001669400002,1,296
09/17/2009 11:20:57,2,1,001669400002,1,297
09/17/2009 11:20:57,2,1,001669400002,1,298
09/17/2009 11:20:57,2,1,001669300005,1,299
09/17/2009 11:20:57,2,1,001669300005,1,300
09/17/2009 11:20:57,2,1,001669300005,1,301
09/17/2009 11:20:57,2,1,001669300005,1,302
09/17/2009 11:20:57,2,1,001669300005,1,303
09/17/2009 11:20:57,2,1,001669300005,1,304
09/17/2009 11:20:57,2,1,001669300005,1,305
09/17/2009 11:20:57,2,1,001669300005,1,306
09/17/2009 11:20:57,2,1,001669300005,1,307
09/17/2009 11:20:57,2,1,001669300005,1,308
09/17/2009 11:20:57,2,1,001669300005,1,309
09/17/2009 11:20:57,2,1,001669300005,1,310
09/17/2009 11:20:57,2,1,001669300005,1,311
09/17/2009 11:20:57,2,1,001669300005,1,312
09/17/2009 11:20:57,2,1,001669300005,1,313
09/17/2009 11:20:57,2,1,001345100004,1,314
09/17/2009 11:20:57,2,1,001345300008,1,315
09/17/2009 11:20:57,2,1,12699,2,316
09/17/2009 11:20:57,2,1,12325,2,317
09/17/2009 11:20:57,2,1,1270,1,318
09/17/2009 11:20:57,2,1,000101300009,1,319
09/17/2009 11:20:57,2,1,001345000007,1,320
09/17/2009 11:20:57,2,1,13468,1,321
09/17/2009 11:20:57,2,1,13469,1,322
09/17/2009 11:20:57,2,1,13470,1,323
09/17/2009 11:20:57,2,1,001284700006,1,324
09/17/2009 11:20:57,2,1,001284700006,1,325
09/17/2009 11:20:57,2,1,001361500000,1,326
09/17/2009 11:20:57,2,1,001361500000,1,327
09/17/2009 11:20:57,2,1,001361400003,1,328
09/17/2009 11:20:57,2,1,001361400003,1,329
09/17/2009 11:20:57,2,1,000046400000,1,330
09/17/2009 11:20:57,2,1,5279,1,331
09/17/2009 11:20:57,2,1,000527300003,1,332
09/17/2009 11:20:57,2,1,000094000009,1,333
09/17/2009 11:20:57,2,1,001232300005,1,334
09/17/2009 11:20:57,2,1,000094200003,1,335
09/17/2009 11:20:57,2,1,000094200003,1,336
09/17/2009 11:20:57,2,1,000094200003,1,337
09/17/2009 11:20:57,2,1,3778,1,338
09/17/2009 11:20:57,2,1,000094200003,1,339
09/17/2009 11:20:57,2,1,000094000009,1,340
09/17/2009 11:20:57,2,1,001362500009,1,341
09/17/2009 11:20:57,2,1,001362500009,1,342
09/17/2009 11:20:57,2,1,001362500009,1,343
09/17/2009 11:20:57,2,1,001362500009,1,344
09/17/2009 11:20:57,2,1,001362500009,1,345
09/17/2009 11:20:57,2,1,001357900005,1,346
09/17/2009 11:20:57,2,1,946,1,347
09/17/2009 11:20:57,2,1,001357900005,1,348
09/17/2009 11:20:57,2,1,001137000000,1,349
09/17/2009 11:20:57,2,1,000101300009,1,350
09/17/2009 11:20:57,2,1,000083800009,1,351
09/17/2009 11:20:57,2,1,1205,1,352
09/17/2009 11:20:57,2,1,001282400007,1,353
09/17/2009 11:20:57,2,1,000558400000,1,354
09/17/2009 11:20:57,2,1,001351600000,1,355
09/17/2009 11:20:57,2,1,000558400000,1,356
09/18/2009 09:00:28,2,1,13224,2,1
09/18/2009 09:00:28,2,1,13186,2,2
09/18/2009 09:00:28,2,1,13491,1,3
09/18/2009 09:00:28,2,1,13490,1,4
09/18/2009 09:00:28,2,1,13159,1,5
09/18/2009 09:00:28,2,1,13500,1,6
09/18/2009 09:00:28,2,1,9898,1,7
09/18/2009 09:00:28,2,1,7522,1,8
09/18/2009 09:00:28,2,1,13320,1,9
09/18/2009 09:00:28,2,1,000571200007,1,10
09/18/2009 09:00:28,2,1,000097600008,1,11
09/18/2009 09:00:28,2,1,000099000004,1,12
09/18/2009 09:00:28,2,1,001131300007,3,13
09/18/2009 09:00:28,2,1,000384800005,1,14
09/18/2009 09:00:28,2,1,001131300007,1,15
09/18/2009 09:00:28,2,1,001359600002,1,16
09/18/2009 09:00:28,2,1,001359600002,1,17
09/18/2009 09:00:28,2,1,000458900006,1,18
09/18/2009 09:00:28,2,1,000458900006,1,19
09/18/2009 09:00:28,2,1,11416,1,20
09/18/2009 09:00:28,2,1,000127700005,1,21
09/18/2009 09:00:28,2,1,1712,1,22
09/18/2009 09:00:28,2,1,12619,1,23
09/18/2009 09:00:28,2,1,000514000008,1,24
09/18/2009 09:00:28,2,1,001356500008,1,25
09/18/2009 09:00:28,2,1,001356500008,1,26
09/18/2009 09:00:28,2,1,001356800009,1,27
09/18/2009 09:00:28,2,1,001356500008,1,28
09/18/2009 09:00:28,2,1,001356800009,1,29
09/18/2009 09:00:28,2,1,001356800009,1,30
09/18/2009 09:00:28,2,1,001230700005,1,31
09/18/2009 09:00:28,2,1,000127700005,1,32
09/18/2009 09:00:28,2,1,000127700005,1,33
09/18/2009 09:00:28,2,1,000214400009,1,34
09/18/2009 09:00:28,2,1,001347200009,1,35
09/18/2009 09:00:28,2,1,001357200006,1,36
09/18/2009 09:00:28,2,1,001347900008,1,37
09/18/2009 09:00:28,2,1,11672,5,38
09/18/2009 09:00:28,2,1,12649,1,39
09/18/2009 09:00:28,2,1,4610,1,40
09/18/2009 09:00:28,2,1,12784,1,41
09/18/2009 09:00:28,2,1,7800,1,42
09/18/2009 09:00:28,2,1,6453,4,43
09/18/2009 09:00:28,2,1,4188,1,44
09/18/2009 09:00:28,2,1,5095,1,45
09/18/2009 09:00:28,2,1,2225,1,46
09/18/2009 09:00:28,2,1,1164,1,47
09/18/2009 09:00:28,2,1,1163,1,48
09/18/2009 09:00:28,2,1,001151800006,65,49
09/18/2009 09:00:28,2,1,001214000008,50,50
09/18/2009 09:00:28,2,1,13555,1,51
09/18/2009 09:00:28,2,1,001221600000,1,52
09/18/2009 09:00:28,2,1,001221600000,1,53
09/18/2009 09:00:28,2,1,001221600000,1,54
09/18/2009 09:00:28,2,1,001221600000,1,55
09/18/2009 09:00:28,2,1,001221600000,1,56
09/18/2009 09:00:28,2,1,001221600000,1,57
09/18/2009 09:00:28,2,1,001221600000,1,58
09/18/2009 09:00:28,2,1,001221600000,1,59
09/18/2009 09:00:28,2,1,001221600000,1,60
09/18/2009 09:00:28,2,1,001221600000,1,61
09/18/2009 09:00:28,2,1,001221600000,1,62
09/18/2009 09:00:28,2,1,001221600000,1,63
09/18/2009 09:00:28,2,1,001221600000,1,64
09/18/2009 09:00:28,2,1,001221600000,1,65
09/18/2009 09:00:28,2,1,001221600000,1,66
09/18/2009 09:00:28,2,1,001221600000,1,67
09/18/2009 09:00:28,2,1,001221600000,1,68
09/18/2009 09:00:28,2,1,001221600000,1,69
09/18/2009 09:00:28,2,1,001221600000,1,70
09/18/2009 09:00:28,2,1,001221600000,1,71
09/18/2009 09:00:28,2,1,001221600000,1,72
09/18/2009 09:00:28,2,1,001221600000,1,73
09/18/2009 09:00:28,2,1,001221600000,1,74
09/18/2009 09:00:28,2,1,001221600000,1,75
09/18/2009 09:00:28,2,1,001221600000,1,76
09/18/2009 09:00:28,2,1,001221600000,1,77
09/18/2009 09:00:28,2,1,001221600000,1,78
09/18/2009 09:00:28,2,1,001221600000,1,79
09/18/2009 09:00:28,2,1,001221600000,1,80
09/18/2009 09:00:28,2,1,001221600000,1,81
09/18/2009 09:00:28,2,1,001221600000,1,82
09/18/2009 09:00:28,2,1,001221600000,1,83
09/18/2009 09:00:28,2,1,001221600000,1,84
09/18/2009 09:00:28,2,1,001221600000,1,85
09/18/2009 09:00:28,2,1,001221600000,1,86
09/18/2009 09:00:28,2,1,001221600000,1,87
09/18/2009 09:00:28,2,1,001221600000,1,88
09/18/2009 09:00:28,2,1,001221600000,1,89
09/18/2009 09:00:28,2,1,001221600000,1,90
09/18/2009 09:00:28,2,1,001221600000,1,91
09/18/2009 09:00:28,2,1,001221600000,1,92
09/18/2009 09:00:28,2,1,001221600000,1,93
09/18/2009 09:00:28,2,1,001221600000,1,94
09/18/2009 09:00:28,2,1,001221600000,1,95
09/18/2009 09:00:28,2,1,001221600000,1,96
09/18/2009 09:00:28,2,1,000403900006,1,97
09/18/2009 09:00:28,2,1,000403900006,1,98
09/18/2009 09:00:28,2,1,000403900006,1,99
09/18/2009 09:00:28,2,1,000403900006,1,100
09/18/2009 09:00:28,2,1,000403900006,1,101
09/18/2009 09:00:28,2,1,000407100006,1,102
09/18/2009 09:00:28,2,1,000407100006,1,103
09/18/2009 09:00:28,2,1,000403900006,1,104
09/18/2009 09:00:28,2,1,000403900006,1,105
09/18/2009 09:00:28,2,1,001292200000,1,106
09/18/2009 09:00:28,2,1,000067000005,1,107
09/18/2009 09:00:28,2,1,001293300006,1,108
09/18/2009 09:00:28,2,1,000066800002,1,109
09/18/2009 09:00:28,2,1,000066900009,1,110
09/18/2009 09:00:28,2,1,001293200009,1,111
09/18/2009 09:00:28,2,1,001206000009,1,112
09/18/2009 09:00:28,2,1,001206000009,1,113
09/18/2009 09:00:28,2,1,001206000009,1,114
09/18/2009 09:00:28,2,1,001206000009,1,115
09/18/2009 09:00:28,2,1,001206000009,1,116
09/18/2009 09:00:28,2,1,001206000009,1,117
09/18/2009 09:00:28,2,1,001206000009,1,118
09/18/2009 09:00:28,2,1,10253,3,119
09/18/2009 09:00:28,2,1,001206000009,1,120
09/18/2009 09:00:28,2,1,001206000009,1,121
09/18/2009 09:00:28,2,1,001206000009,1,122
09/18/2009 09:00:28,2,1,001206000009,1,123
09/18/2009 09:00:28,2,1,001668500000,1,124
09/18/2009 09:00:28,2,1,001668500000,1,125
09/18/2009 09:00:28,2,1,001212000000,1,126
09/18/2009 09:00:28,2,1,001212000000,1,127
09/18/2009 09:00:28,2,1,001206000009,1,128
09/18/2009 09:00:28,2,1,001206000009,1,129
09/18/2009 09:00:28,2,1,001206000009,1,130
09/18/2009 09:00:28,2,1,001206000009,21,131
09/18/2009 09:00:28,2,1,001672900001,1,132
09/18/2009 09:00:28,2,1,001672900001,1,133
09/18/2009 09:00:28,2,1,001672900001,1,134
09/18/2009 09:00:28,2,1,001672900001,1,135
09/18/2009 09:00:28,2,1,001672900001,1,136
09/18/2009 09:00:28,2,1,001672900001,1,137
09/18/2009 09:00:28,2,1,001669200008,1,138
09/18/2009 09:00:28,2,1,001669200008,1,139
09/18/2009 09:00:28,2,1,001669200008,1,140
09/18/2009 09:00:28,2,1,001669200008,1,141
09/18/2009 09:00:28,2,1,001669200008,1,142
09/18/2009 09:00:28,2,1,001669200008,1,143
09/18/2009 09:00:28,2,1,001212700009,1,144
09/18/2009 09:00:28,2,1,001341400009,1,145
09/18/2009 09:00:28,2,1,001341400009,1,146
09/18/2009 09:00:28,2,1,001341400009,1,147
09/18/2009 09:00:28,2,1,001341400009,4,148
09/18/2009 09:00:28,2,1,001341400009,1,149
09/18/2009 09:00:28,2,1,001341400009,1,150
09/18/2009 09:00:28,2,1,001341400009,1,151
09/18/2009 09:00:28,2,1,001341400009,1,152
09/18/2009 09:00:28,2,1,000067600007,1,153
09/18/2009 09:00:28,2,1,001362100001,1,154
09/18/2009 09:00:28,2,1,000403900006,1,155
09/18/2009 09:00:28,2,1,000403900006,7,156
09/18/2009 09:00:28,2,1,000134300007,1,157
09/18/2009 09:00:28,2,1,000795100008,1,158
09/18/2009 09:00:28,2,1,000134300007,1,159
09/18/2009 09:00:28,2,1,000006800000,1,160
09/18/2009 09:00:28,2,1,000134300007,1,161
09/18/2009 09:00:28,2,1,000053700001,3,162
09/18/2009 09:00:28,2,1,000052900006,1,163
09/18/2009 09:00:28,2,1,000518800000,1,164
09/18/2009 09:00:28,2,1,001098600004,1,165
09/18/2009 09:00:28,2,1,001098600004,1,166
09/18/2009 09:00:28,2,1,000150800000,1,167
09/18/2009 09:00:28,2,1,000150800000,1,168
09/18/2009 09:00:28,2,1,000022700001,1,169
09/18/2009 09:00:28,2,1,000768800003,1,170
09/18/2009 09:00:28,2,1,000768800003,1,171
09/18/2009 09:00:28,2,1,001098500007,1,172
09/18/2009 09:00:28,2,1,001098500007,1,173
09/18/2009 09:00:28,2,1,001098500007,1,174
09/18/2009 09:00:28,2,1,001098500007,1,175
09/18/2009 09:00:28,2,1,000939500008,1,176
09/18/2009 09:00:28,2,1,000939500008,1,177
09/18/2009 09:00:28,2,1,000939500008,1,178
09/18/2009 09:00:28,2,1,000939500008,1,179
09/18/2009 09:00:28,2,1,000939500008,1,180
09/18/2009 09:00:28,2,1,000939500008,5,181
09/18/2009 09:00:28,2,1,000059300007,1,182
09/18/2009 09:00:28,2,1,000059300007,1,183
09/18/2009 09:00:28,2,1,001343700008,1,184
09/18/2009 09:00:28,2,1,001343700008,1,185
09/18/2009 09:00:28,2,1,001327300002,1,186
09/18/2009 09:00:28,2,1,001332500008,1,187
09/18/2009 09:00:28,2,1,001332500008,1,188
09/18/2009 09:00:28,2,1,001332600005,1,189
09/18/2009 09:00:28,2,1,001333600004,1,190
09/18/2009 09:00:28,2,1,001322600008,1,191
09/18/2009 09:00:28,2,1,001332500008,1,192
09/18/2009 09:00:28,2,1,001332600005,1,193
09/18/2009 09:00:28,2,1,001332600005,1,194
09/18/2009 09:00:28,2,1,001332600005,1,195
09/18/2009 09:00:28,2,1,001332500008,1,196
09/18/2009 09:00:28,2,1,001332500008,1,197
09/18/2009 09:00:28,2,1,001314800003,1,198
09/18/2009 09:00:28,2,1,001314800003,1,199
09/18/2009 09:00:28,2,1,000518700003,1,200
09/18/2009 09:00:28,2,1,000049600001,1,201
09/18/2009 09:00:28,2,1,001316900008,1,202
09/18/2009 09:00:28,2,1,000172400004,1,203
09/18/2009 09:00:28,2,1,000514000008,1,204
09/18/2009 09:00:28,2,1,000514000008,1,205
09/18/2009 09:00:28,2,1,000514000008,1,206
09/18/2009 09:00:28,2,1,000514000008,1,207
09/18/2009 09:00:28,2,1,000514000008,1,208
09/18/2009 09:00:28,2,1,000514000008,1,209
09/18/2009 09:00:28,2,1,000487500000,1,210
09/18/2009 09:00:28,2,1,000487500000,1,211
09/18/2009 09:00:28,2,1,000514000008,1,212
09/18/2009 09:00:28,2,1,000514000008,1,213
09/18/2009 09:00:28,2,1,000514000008,1,214
09/18/2009 09:00:28,2,1,000514000008,1,215
09/18/2009 09:00:28,2,1,000514000008,1,216
09/18/2009 09:00:28,2,1,000514000008,1,217
09/18/2009 09:00:28,2,1,000514000008,1,218
09/18/2009 09:00:28,2,1,000514000008,1,219
09/18/2009 09:00:28,2,1,000514000008,1,220
09/18/2009 09:00:28,2,1,000514000008,1,221
09/18/2009 09:00:28,2,1,000203800001,1,223
09/18/2009 09:00:28,2,1,001283500003,1,224
09/18/2009 09:00:28,2,1,001283500003,1,225
09/18/2009 09:00:28,2,1,001283500003,1,226
09/18/2009 09:00:28,2,1,001283500003,1,227
09/18/2009 09:00:28,2,1,001283500003,1,228
09/18/2009 09:00:28,2,1,001283500003,1,229
09/18/2009 09:00:28,2,1,001283500003,6,230
09/18/2009 09:00:28,2,1,001283500003,6,231
09/18/2009 09:00:28,2,1,001283500003,1,232
09/18/2009 09:00:28,2,1,001283500003,1,233
09/18/2009 09:00:28,2,1,13110,1,234
09/18/2009 09:00:28,2,1,000932900003,1,235
09/18/2009 09:00:28,2,1,000009700000,1,236
09/18/2009 09:00:28,2,1,001344000008,1,237
09/18/2009 09:00:28,2,1,001344000008,1,238
09/18/2009 09:00:28,2,1,001028900006,1,239
09/18/2009 09:00:28,2,1,001028900006,1,240
09/18/2009 09:00:28,2,1,000557000003,1,241
09/18/2009 09:00:28,2,1,000557000003,1,242
09/18/2009 09:00:28,2,1,000557000003,1,243
09/18/2009 09:00:28,2,1,000557000003,1,244
09/18/2009 09:00:28,2,1,001215800003,1,245
09/18/2009 09:00:28,2,1,001215800003,1,246
09/18/2009 09:00:28,2,1,678,1,247
09/18/2009 09:00:28,2,1,000459900005,2,248
09/18/2009 09:00:28,2,1,000066900009,1,249
09/18/2009 09:00:28,2,1,000066800002,1,250
09/18/2009 09:00:28,2,1,000066800002,1,251
09/18/2009 09:00:28,2,1,000414100006,1,252
09/18/2009 09:00:28,2,1,000414100006,1,253
09/18/2009 09:00:28,2,1,000066800002,1,254
09/18/2009 09:00:28,2,1,1208,3,255
09/18/2009 09:00:28,2,1,000883500000,1,256
09/18/2009 09:00:28,2,1,000185800006,1,257
09/18/2009 09:00:28,2,1,5365,1,258
09/18/2009 09:00:28,2,1,000441000003,1,259
09/18/2009 09:00:28,2,1,000404400000,3,260
09/18/2009 09:00:28,2,1,000414100006,1,261
09/18/2009 09:00:28,2,1,000404400000,1,262
09/18/2009 09:00:28,2,1,001335100007,1,263
09/18/2009 09:00:28,2,1,001335100007,1,264
09/18/2009 09:00:28,2,1,001335100007,1,265
09/18/2009 09:00:28,2,1,001335100007,1,266
09/18/2009 09:00:28,2,1,001335100007,1,267
09/18/2009 11:45:08,2,1,000055200004,1,1
09/18/2009 11:45:08,2,1,000968500000,1,2
09/18/2009 11:45:08,2,1,000968500000,1,3
09/18/2009 11:45:08,2,1,001278700005,12,4
09/18/2009 11:45:08,2,1,001344000008,1,5
09/18/2009 11:45:08,2,1,001344000008,1,6
09/18/2009 11:45:08,2,1,001344000008,1,7
09/18/2009 11:45:08,2,1,001344000008,1,8
09/18/2009 11:45:08,2,1,001344000008,1,9
09/18/2009 11:45:08,2,1,000118100005,1,10
09/18/2009 11:45:08,2,1,000118100005,1,11
09/18/2009 11:45:08,2,1,9004,1,12
09/18/2009 11:45:08,2,1,000118100005,7,13
09/18/2009 11:45:08,2,1,1184,1,14
09/18/2009 11:45:08,2,1,001344100005,1,15
09/18/2009 11:45:08,2,1,11416,2,16
09/18/2009 11:45:08,2,1,4826,1,17
09/18/2009 11:45:08,2,1,001002700004,1,18
09/18/2009 11:45:08,2,1,001354200009,1,19
09/18/2009 11:45:08,2,1,000904300008,1,20
09/18/2009 11:45:08,2,1,000904300008,1,21
09/18/2009 11:45:08,2,1,97,1,22
09/18/2009 11:45:08,2,1,135,1,23
09/18/2009 11:45:08,2,1,001092300009,1,24
09/18/2009 11:45:08,2,1,86,1,25
09/18/2009 11:45:08,2,1,001665500003,1,26
09/18/2009 11:45:08,2,1,001665500003,1,27
09/18/2009 11:45:08,2,1,001106400008,1,28
09/18/2009 11:45:08,2,1,1184,10,29
09/18/2009 11:45:08,2,1,001669100001,41,30
09/18/2009 11:45:08,2,1,001669100001,40,31
09/18/2009 11:45:08,2,1,001669100001,61,32
09/19/2009 09:23:56,2,1,267,1,1
09/19/2009 09:23:56,2,1,268,6,2
09/19/2009 09:23:56,2,1,8839,3,3
09/19/2009 09:23:56,2,1,8137,1,4
09/19/2009 09:23:56,2,1,6287,1,5
09/19/2009 09:23:56,2,1,2333,1,6
09/19/2009 09:23:56,2,1,16667,1,7
09/19/2009 09:23:56,2,1,7614,3,8
09/19/2009 09:23:56,2,1,11510,1,9
09/19/2009 09:23:56,2,1,6570,2,10
09/19/2009 09:23:56,2,1,2298,4,11
09/19/2009 09:23:56,2,1,5783,4,12
09/19/2009 09:23:56,2,1,5784,6,13
09/19/2009 09:23:56,2,1,4100,2,14
09/19/2009 09:23:56,2,1,4101,2,15
09/19/2009 09:23:56,2,1,5790,1,16
09/19/2009 09:23:56,2,1,13322,1,17
09/19/2009 09:23:56,2,1,671,1,18
09/19/2009 09:23:56,2,1,9607,1,19
09/19/2009 09:23:56,2,1,447,1,20
09/19/2009 09:23:56,2,1,447,1,21
09/19/2009 09:23:56,2,1,676,1,22
09/19/2009 09:23:56,2,1,000066800002,1,23
09/19/2009 09:23:56,2,1,13209,1,24
09/19/2009 09:23:56,2,1,16743,1,25
09/19/2009 09:23:56,2,1,12386,15,26
09/19/2009 09:23:56,2,1,13279,20,27
09/19/2009 09:23:56,2,1,12670,6,28
09/19/2009 09:23:56,2,1,16746,7,29
09/19/2009 09:23:56,2,1,725,1,30
09/19/2009 09:23:56,2,1,3883,5,31
09/19/2009 09:23:56,2,1,13131,5,32
09/19/2009 09:23:56,2,1,9542,12,33
09/19/2009 09:23:56,2,1,159,8,34
09/19/2009 09:23:56,2,1,16762,12,35
09/19/2009 09:23:56,2,1,13316,10,36
09/19/2009 09:23:56,2,1,16764,10,37
09/19/2009 09:23:56,2,1,13438,6,38
09/19/2009 09:23:56,2,1,16677,8,39
09/19/2009 09:23:56,2,1,16678,16,40
09/19/2009 09:23:56,2,1,13180,15,41
09/19/2009 09:23:56,2,1,13293,8,42
09/19/2009 09:23:56,2,1,16765,8,43
09/19/2009 09:23:56,2,1,6451,53,44
09/19/2009 09:23:56,2,1,13004,4,45
09/19/2009 09:23:56,2,1,13553,2,46
09/19/2009 09:23:56,2,1,16747,1,47
09/19/2009 09:23:56,2,1,9326,4,48
09/19/2009 09:23:56,2,1,7518,22,49
09/19/2009 09:23:56,2,1,5915,4,50
09/19/2009 09:23:56,2,1,11697,12,51
09/19/2009 09:23:56,2,1,16750,24,52
09/19/2009 09:23:56,2,1,16749,1,53
09/19/2009 09:23:56,2,1,12887,8,54
09/19/2009 09:23:56,2,1,16748,12,55
09/19/2009 09:23:56,2,1,12631,6,56
09/19/2009 09:23:56,2,1,12320,6,57
09/19/2009 09:23:56,2,1,16759,4,58
09/19/2009 09:23:56,2,1,850,4,59
09/19/2009 09:23:56,2,1,16658,4,60
09/19/2009 09:23:56,2,1,16659,4,61
09/19/2009 09:23:56,2,1,16660,4,62
09/19/2009 09:23:56,2,1,16760,6,63
09/19/2009 09:23:56,2,1,16761,15,64
09/19/2009 09:23:56,2,1,13334,6,65
09/19/2009 09:23:56,2,1,12286,12,66
09/19/2009 09:23:56,2,1,13021,12,67
09/19/2009 09:23:56,2,1,16766,3,68
09/19/2009 09:23:56,2,1,13096,8,69
09/19/2009 09:23:56,2,1,16767,8,70
09/19/2009 09:23:56,2,1,16774,12,71
09/19/2009 09:23:56,2,1,16775,12,72
09/19/2009 09:23:56,2,1,16778,8,73
09/19/2009 09:23:56,2,1,7597,6,74
09/19/2009 09:23:56,2,1,7596,6,75
09/19/2009 09:23:56,2,1,12855,12,76
09/19/2009 09:23:56,2,1,13424,2,77
09/19/2009 09:23:56,2,1,16776,6,78
09/19/2009 09:23:56,2,1,16777,60,79
09/19/2009 09:23:56,2,1,13124,8,80
09/19/2009 09:23:56,2,1,16818,1,81
09/19/2009 09:23:56,2,1,16817,1,82
09/19/2009 09:23:56,2,1,10772,2,83
09/19/2009 09:23:56,2,1,12998,12,84
09/19/2009 09:23:56,2,1,11779,1,85
09/19/2009 09:23:56,2,1,7319,1,86
09/19/2009 09:23:56,2,1,16745,1,87
09/19/2009 09:23:56,2,1,8741,1,88
09/19/2009 09:23:56,2,1,261,1,89
09/19/2009 09:23:56,2,1,1180,2,90

