08/26/2009 10:57:26,2,7,000406800006,1,1
08/26/2009 10:57:26,2,7,001242000001,1,2
08/26/2009 10:57:26,2,7,3933,1,3
08/26/2009 10:57:26,2,7,001209300007,1,4
08/26/2009 10:57:26,2,7,000397300004,1,5
08/26/2009 10:57:26,2,7,001665100005,1,6
08/26/2009 10:57:26,2,7,000140600009,1,7
08/26/2009 10:57:26,2,7,000167300005,1,8
08/26/2009 10:57:26,2,7,001067800008,1,10
08/26/2009 10:57:26,2,7,001239600009,1,11
08/26/2009 10:57:26,2,7,000449300006,1,12
08/26/2009 10:57:26,2,7,12224,1,13
08/26/2009 10:57:26,2,7,12292,1,14
08/26/2009 10:57:26,2,7,12821,1,15
08/26/2009 10:57:26,2,7,000176200006,1,16
08/26/2009 10:57:26,2,7,001229800006,1,17
08/26/2009 10:57:26,2,7,001293600007,1,18
08/26/2009 10:57:26,2,7,15,1,19
08/26/2009 10:57:26,2,7,12293,1,20
08/26/2009 10:57:26,2,7,000389500009,1,21
08/26/2009 10:57:26,2,7,5232,1,22
08/26/2009 10:57:26,2,7,721,1,23
08/26/2009 10:57:26,2,7,725,1,24
08/26/2009 10:57:26,2,7,000284400008,1,25
08/26/2009 10:57:26,2,7,12158,1,26
08/26/2009 10:57:26,2,7,12120,1,27
08/26/2009 10:57:26,2,7,546,1,28
08/26/2009 10:57:26,2,7,5724,1,29
08/26/2009 10:57:26,2,7,4188,1,30
08/26/2009 10:57:26,2,7,1597,1,31
08/26/2009 10:57:26,2,7,9348,1,32
08/26/2009 10:57:26,2,7,001206000009,1,33
08/26/2009 10:57:26,2,7,488,1,34
08/26/2009 10:57:26,2,7,12386,1,35
08/26/2009 10:57:26,2,7,001212200004,1,36
08/26/2009 10:57:26,2,7,000407100006,1,37
08/26/2009 10:57:26,2,7,000629200003,1,38
08/26/2009 10:57:26,2,7,000585100003,1,39
08/26/2009 10:57:26,2,7,000524300006,1,40
08/26/2009 10:57:26,2,7,001326100009,1,41
08/26/2009 10:57:26,2,7,001280000001,1,42
08/26/2009 10:57:26,2,7,00124270,1,43
08/26/2009 10:57:26,2,7,000055300001,1,44
08/26/2009 10:57:26,2,7,000053800008,1,45
08/26/2009 10:57:26,2,7,000036700004,1,46
08/26/2009 10:57:26,2,7,000978300003,1,47
08/26/2009 10:57:26,2,7,000056300000,1,48
08/26/2009 10:57:26,2,7,000795800007,1,49
08/26/2009 10:57:26,2,7,001303100008,1,50
08/26/2009 10:57:26,2,7,000799700006,1,51
08/26/2009 10:57:26,2,7,000229800009,1,52
08/26/2009 10:57:26,2,7,000070900002,1,53
08/26/2009 10:57:26,2,7,001293300006,1,54
08/26/2009 10:57:26,2,7,001028700002,1,55
08/26/2009 10:57:26,2,7,001293200009,1,56
08/26/2009 10:57:26,2,7,000460000008,1,57
08/26/2009 10:57:26,2,7,000179200003,1,58
08/26/2009 10:57:26,2,7,001082600003,1,59
08/26/2009 10:57:26,2,7,000928100004,1,60
08/26/2009 10:57:26,2,7,000752200000,1,61
08/26/2009 10:57:26,2,7,000225800003,1,62
08/26/2009 10:57:26,2,7,000752200000,1,63
08/26/2009 10:57:26,2,7,000067600007,1,64
08/26/2009 10:57:26,2,7,000031600002,1,65
08/26/2009 10:57:26,2,7,000677500001,1,66
08/26/2009 10:57:26,2,7,001359400008,1,67
08/26/2009 10:57:26,2,7,001282300000,1,68
08/26/2009 10:57:26,2,7,001023900001,1,69
08/26/2009 10:57:26,2,7,001023900001,1,70
08/26/2009 10:57:26,2,7,000384800005,1,71
08/26/2009 10:57:26,2,7,7602,1,72
08/26/2009 10:57:26,2,7,000459900005,1,73
08/26/2009 10:57:26,2,7,7602,1,74
08/26/2009 10:57:26,2,7,001344100005,1,75
08/26/2009 10:57:26,2,7,001665900001,1,76
08/26/2009 10:57:26,2,7,11976,1,77
08/26/2009 10:57:26,2,7,11976,1,78
08/26/2009 10:57:26,2,7,1344,1,79
08/26/2009 10:57:26,2,7,1857,1,80
08/26/2009 10:57:26,2,7,668,1,81
08/26/2009 10:57:26,2,7,669,1,82
08/26/2009 10:57:26,2,7,4039,1,83
08/26/2009 10:57:26,2,7,1936,1,84
08/26/2009 10:57:26,2,7,4042,1,85
08/26/2009 10:57:26,2,7,10567,1,86
08/26/2009 10:57:26,2,7,001361100002,1,87
08/26/2009 10:57:26,2,7,001361000005,1,88
08/26/2009 10:57:26,2,7,001231900008,1,89
08/26/2009 10:57:26,2,7,001664300000,1,90
08/26/2009 10:57:26,2,7,001240800009,1,91
08/26/2009 10:57:26,2,7,001167300002,1,92
08/26/2009 10:57:26,2,7,001316200009,1,93
08/26/2009 10:57:26,2,7,001127000003,1,94
08/26/2009 10:57:26,2,7,3878,1,95
08/26/2009 10:57:26,2,7,001285700005,1,96
08/26/2009 10:57:26,2,7,001285700005,1,97
08/26/2009 10:57:26,2,7,001285600008,1,98
08/26/2009 10:57:26,2,7,000027400005,1,99
08/26/2009 10:57:26,2,7,12910,1,100
08/26/2009 10:57:26,2,7,10479,1,101
08/26/2009 10:57:26,2,7,000117400007,1,102
08/26/2009 10:57:26,2,7,000552200002,1,103
08/26/2009 10:57:26,2,7,7789,1,104
08/26/2009 10:57:26,2,7,000567800006,1,105
08/26/2009 10:57:26,2,7,000054200005,1,106
08/26/2009 10:57:26,2,7,001257800009,1,107
08/26/2009 10:57:26,2,7,000883500000,1,108
08/26/2009 10:57:26,2,7,000054300002,1,109
08/26/2009 10:57:26,2,7,000792800000,1,110
08/26/2009 10:57:26,2,7,000056200003,1,111
08/26/2009 10:57:26,2,7,6523,1,112
08/26/2009 10:57:26,2,7,13413,1,113
08/26/2009 10:57:26,2,7,7596,2,114
08/26/2009 10:57:26,2,7,001229800006,1,115
08/26/2009 10:57:26,2,7,001278500001,1,116
08/26/2009 10:57:26,2,7,9222,1,117
08/26/2009 10:57:26,2,7,10993,1,118
08/26/2009 10:57:26,2,7,3773,1,119
08/26/2009 10:57:26,2,7,000377400007,1,120
08/26/2009 10:57:26,2,7,442177500004,1,121
08/26/2009 10:57:26,2,7,001355600006,1,122
08/26/2009 10:57:26,2,7,8741,1,123
08/26/2009 10:57:26,2,7,001253500002,1,124
08/26/2009 10:57:26,2,7,13226,1,125
08/26/2009 10:57:26,2,7,3440761800001,1,126
08/26/2009 10:57:26,2,7,001258000002,4,127
08/26/2009 10:57:26,2,7,001302300003,1,128
08/26/2009 10:57:26,2,7,000487500000,4,129
08/26/2009 10:57:26,2,7,3997,1,130
08/26/2009 10:57:26,2,7,13227,1,131
08/26/2009 10:57:26,2,7,001249500009,3,132
08/26/2009 10:57:26,2,7,5294,2,133
08/26/2009 10:57:26,2,7,6773,1,134
08/26/2009 10:57:26,2,7,001210800008,1,135
08/26/2009 10:57:26,2,7,001255900008,1,136
08/26/2009 10:57:26,2,7,001255900008,1,137
08/26/2009 10:57:26,2,7,001242100008,1,138
08/26/2009 10:57:26,2,7,000196400004,1,139
08/26/2009 10:57:26,2,7,000419800000,1,140
08/26/2009 10:57:26,2,7,000419800000,1,141
08/26/2009 10:57:26,2,7,12477,1,142
08/26/2009 10:57:26,2,7,4078,1,143
08/26/2009 10:57:26,2,7,12537,9,144
08/26/2009 10:57:26,2,7,4875,8,145
08/26/2009 10:57:26,2,7,5140,17,146
08/26/2009 10:57:26,2,7,12495,8,147
08/26/2009 10:57:26,2,7,000210800001,1,148
08/26/2009 10:57:26,2,7,001333700001,1,149
08/26/2009 10:57:26,2,7,001333600004,1,150
08/26/2009 10:57:26,2,7,001257600005,1,151
08/26/2009 10:57:26,2,7,4130,1,152
08/26/2009 10:57:26,2,7,12279,1,153
08/26/2009 10:57:26,2,7,4298,1,154
08/26/2009 10:57:26,2,7,000415500003,1,155
08/26/2009 10:57:26,2,7,2844,1,156
08/26/2009 10:57:26,2,7,12158,2,157
08/26/2009 10:57:26,2,7,000412100008,1,158
08/26/2009 10:57:26,2,7,000407900002,1,159
08/26/2009 10:57:26,2,7,001212200004,1,160
08/26/2009 10:57:26,2,7,12918,1,161
08/26/2009 10:57:26,2,7,12919,1,162
08/26/2009 10:57:26,2,7,000027400005,1,163
08/26/2009 10:57:26,2,7,001341400009,1,164
08/26/2009 10:57:26,2,7,000900400009,1,165
08/26/2009 10:57:26,2,7,000027300008,1,166
08/26/2009 10:57:26,2,7,000025700008,1,167
08/26/2009 10:57:26,2,7,000118200002,1,168
08/26/2009 10:57:26,2,7,000761400002,1,169
08/26/2009 10:57:26,2,7,001232000004,1,170
08/26/2009 10:57:26,2,7,274,1,171
08/26/2009 10:57:26,2,7,7597,1,172
08/26/2009 10:57:26,2,7,001664300000,1,173
08/26/2009 10:57:26,2,7,001361000005,1,174
08/26/2009 10:57:26,2,7,001231900008,1,175
08/26/2009 10:57:26,2,7,10567,1,176
08/26/2009 10:57:26,2,7,000383900003,1,177
08/26/2009 10:57:26,2,7,12848,1,178
08/26/2009 10:57:26,2,7,001285000006,1,179
08/26/2009 10:57:26,2,7,8907,1,180
08/26/2009 10:57:26,2,7,000773800005,1,181
08/26/2009 10:57:26,2,7,12246,1,182
08/26/2009 10:57:26,2,7,000085000001,1,183
08/26/2009 10:57:26,2,7,6773,1,184
08/26/2009 10:57:26,2,7,001361100002,1,185
08/26/2009 10:57:26,2,7,000117300000,1,186
08/26/2009 10:57:26,2,7,001235600003,1,187
08/26/2009 10:57:26,2,7,7601,1,188
08/26/2009 10:57:26,2,7,001025200000,1,189
08/26/2009 10:57:26,2,7,678,1,190
08/26/2009 10:57:26,2,7,11671,4,191
08/26/2009 10:57:26,2,7,8834,4,192
08/26/2009 10:57:26,2,7,12919,1,193
08/26/2009 10:57:26,2,7,12918,1,194
08/26/2009 10:57:26,2,7,000410700002,1,195
08/26/2009 10:57:26,2,7,000432400003,6,196
08/26/2009 10:57:26,2,7,001204400009,1,197
08/26/2009 10:57:26,2,7,5321,1,198
08/26/2009 10:57:26,2,7,5096,1,199
08/26/2009 10:57:26,2,7,2419,1,200
08/26/2009 10:57:26,2,7,001241500007,1,201
08/26/2009 10:57:26,2,7,7037,1,202
08/26/2009 10:57:26,2,7,001229800006,2,203
08/26/2009 10:57:26,2,7,8512,1,204
08/26/2009 10:57:26,2,7,001207800004,1,205
08/26/2009 10:57:26,2,7,13253,1,206
08/26/2009 10:57:26,2,7,5208,1,207
08/26/2009 10:57:26,2,7,743,1,208
08/26/2009 10:57:26,2,7,12272,1,209
08/26/2009 10:57:26,2,7,12234,1,210
08/26/2009 10:57:26,2,7,12235,1,211
08/26/2009 10:57:26,2,7,5593,1,212
08/26/2009 10:57:26,2,7,13477,1,213
08/26/2009 10:57:26,2,7,5596,1,214
08/26/2009 10:57:26,2,7,13572,1,215
08/26/2009 10:57:26,2,7,13464,1,216
08/26/2009 10:57:26,2,7,13479,1,217
08/26/2009 10:57:26,2,7,5610,1,218
08/26/2009 10:57:26,2,7,13500,1,219
08/26/2009 10:57:26,2,7,13478,1,220
08/26/2009 10:57:26,2,7,12234,1,221
08/26/2009 10:57:26,2,7,5593,3,222
08/26/2009 10:57:26,2,7,5596,1,223
08/26/2009 10:57:26,2,7,12739,2,224
08/26/2009 10:57:26,2,7,13507,2,225
08/26/2009 10:57:26,2,7,13502,2,226
08/26/2009 10:57:26,2,7,13506,2,227
08/26/2009 10:57:26,2,7,13503,2,228
08/26/2009 10:57:26,2,7,13501,1,229
08/26/2009 10:57:26,2,7,13504,1,230
08/26/2009 10:57:26,2,7,12858,1,231
08/26/2009 10:57:26,2,7,13629,1,232
08/26/2009 10:57:26,2,7,5552,1,233
08/26/2009 10:57:26,2,7,13457,1,234
08/26/2009 10:57:26,2,7,12729,1,235
08/26/2009 10:57:26,2,7,12730,1,236
08/26/2009 10:57:26,2,7,3780,1,237
08/26/2009 10:57:26,2,7,1273,10,238
08/26/2009 10:57:26,2,7,691,11,239
08/26/2009 10:57:26,2,7,5520,4,240
08/26/2009 10:57:26,2,7,5508,3,241
08/26/2009 10:57:26,2,7,8801,1,242
08/26/2009 10:57:26,2,7,3799,1,243
08/26/2009 10:57:26,2,7,3780,1,244
08/26/2009 10:57:26,2,7,7178,1,245
08/26/2009 10:57:26,2,7,1279,1,246
08/26/2009 10:57:26,2,7,5279,1,247
08/26/2009 10:57:26,2,7,5273,2,248
08/26/2009 10:57:26,2,7,5270,1,249
08/26/2009 10:57:26,2,7,13618,1,250
08/26/2009 10:57:26,2,7,12830,6,251
08/26/2009 10:57:26,2,7,5271,3,252
08/26/2009 10:57:26,2,7,11200,1,253
08/26/2009 10:57:26,2,7,1288,1,254
08/26/2009 10:57:26,2,7,648,2,255
08/26/2009 10:57:26,2,7,13625,2,256
08/26/2009 10:57:26,2,7,9893,5,257
08/26/2009 10:57:26,2,7,10996,2,258
08/26/2009 10:57:26,2,7,5583,4,259
08/26/2009 10:57:26,2,7,942,2,260
08/26/2009 10:57:26,2,7,940,3,261
08/26/2009 10:57:26,2,7,13485,1,262
08/26/2009 10:57:26,2,7,13484,1,263
08/26/2009 10:57:26,2,7,13462,1,264
08/26/2009 10:57:26,2,7,13463,1,265
08/26/2009 10:57:26,2,7,1242,1,266
08/26/2009 10:57:26,2,7,13476,1,267
08/26/2009 10:57:26,2,7,13473,1,268
08/26/2009 10:57:26,2,7,13460,1,269
08/26/2009 10:57:26,2,7,13458,1,270
08/26/2009 10:57:26,2,7,1297,4,271
08/26/2009 10:57:26,2,7,13453,1,272
08/26/2009 10:57:26,2,7,944,5,273
08/26/2009 10:57:26,2,7,819,7,274
08/26/2009 10:57:26,2,7,12824,2,275
08/26/2009 10:57:26,2,7,5711,1,276
08/26/2009 10:57:26,2,7,6450,1,277
08/26/2009 10:57:26,2,7,930,1,278
08/26/2009 10:57:26,2,7,9981,3,279
08/26/2009 10:57:26,2,7,1116,1,280
08/26/2009 10:57:26,2,7,9973,2,281
08/26/2009 10:57:26,2,7,13514,3,282
08/26/2009 10:57:26,2,7,13513,2,283
08/26/2009 10:57:26,2,7,1203,1,284
08/26/2009 10:57:26,2,7,13487,1,285
08/26/2009 10:57:26,2,7,12740,1,286
08/26/2009 10:57:26,2,7,1159,1,287
08/26/2009 10:57:26,2,7,9973,1,288
08/26/2009 10:57:26,2,7,1176,1,289
08/26/2009 10:57:26,2,7,1166,1,290
08/26/2009 10:57:26,2,7,13368,1,291
08/26/2009 10:57:26,2,7,981,1,292
08/26/2009 10:57:26,2,7,980,2,293
08/26/2009 10:57:26,2,7,5266,1,294
08/26/2009 10:57:26,2,7,2140,1,295
08/26/2009 10:57:26,2,7,5584,1,296
08/26/2009 10:57:26,2,7,13508,1,297
08/26/2009 10:57:26,2,7,9940,1,298
08/26/2009 10:57:26,2,7,13476,1,299
08/26/2009 10:57:26,2,7,1233,1,300
08/26/2009 10:57:26,2,7,13503,1,301
08/26/2009 10:57:26,2,7,11346,1,302
08/26/2009 10:57:26,2,7,1291,1,303
08/26/2009 10:57:26,2,7,981,1,304
08/26/2009 10:57:26,2,7,13480,2,305
08/26/2009 10:57:26,2,7,13481,1,306
08/26/2009 10:57:26,2,7,13477,1,307
08/26/2009 10:57:26,2,7,5595,1,308
08/26/2009 10:57:26,2,7,13573,1,309
08/26/2009 10:57:26,2,7,5599,2,310
08/26/2009 10:57:26,2,7,12900,1,311
08/26/2009 10:57:26,2,7,5522,1,312
08/26/2009 10:57:26,2,7,1290,1,313
08/26/2009 10:57:26,2,7,539,1,314
08/26/2009 10:57:26,2,7,549,1,315
08/26/2009 10:57:26,2,7,6584,1,316
08/26/2009 10:57:26,2,7,1098,1,317
08/26/2009 10:57:26,2,7,545,1,318
08/26/2009 10:57:26,2,7,1301,1,319
08/26/2009 10:57:26,2,7,1275,1,320
08/26/2009 10:57:26,2,7,9975,1,321
08/26/2009 10:57:26,2,7,12271,1,322
08/26/2009 10:57:26,2,7,1163,1,323
08/26/2009 10:57:26,2,7,1265,1,324
08/26/2009 10:57:26,2,7,11427,1,325
08/26/2009 10:57:26,2,7,3846,1,326
08/26/2009 10:57:26,2,7,3848,1,327
08/26/2009 10:57:26,2,7,12287,1,328
08/26/2009 10:57:26,2,7,986,2,329
08/26/2009 10:57:26,2,7,12836,2,330
08/26/2009 10:57:26,2,7,973,1,331
08/26/2009 10:57:26,2,7,670,1,332
08/26/2009 10:57:26,2,7,1323,1,333
08/26/2009 10:57:26,2,7,13537,1,334
08/26/2009 10:57:26,2,7,4940,1,335
08/26/2009 10:57:26,2,7,10235,1,336
08/26/2009 10:57:26,2,7,5420,1,337
08/26/2009 10:57:26,2,7,7607,1,338
08/26/2009 10:57:26,2,7,5226,1,339
08/26/2009 10:57:26,2,7,13250,1,340
08/26/2009 10:57:26,2,7,11313,1,341
08/26/2009 10:57:26,2,7,7614,1,342
08/26/2009 10:57:26,2,7,9004,1,343
08/26/2009 10:57:26,2,7,1181,3,344
08/26/2009 10:57:26,2,7,12873,1,345
08/26/2009 10:57:26,2,7,713,1,346
08/26/2009 10:57:26,2,7,1858,1,347
08/26/2009 10:57:26,2,7,1135,1,348
08/26/2009 10:57:26,2,7,12055,1,349
08/26/2009 10:57:26,2,7,16655,1,350
08/26/2009 10:57:26,2,7,1645,1,351
08/26/2009 10:57:26,2,7,99,1,352
08/26/2009 10:57:26,2,7,26,1,353
08/26/2009 10:57:26,2,7,16657,1,354
08/26/2009 10:57:26,2,7,10817,1,355
08/26/2009 10:57:26,2,7,119,1,356
08/26/2009 10:57:26,2,7,12325,1,357
08/26/2009 10:57:26,2,7,16663,1,358
08/26/2009 10:57:26,2,7,102,1,359
08/26/2009 10:57:26,2,7,10925,1,360
08/26/2009 10:57:26,2,7,6365,1,361
08/26/2009 10:57:26,2,7,9020,1,362
08/26/2009 10:57:26,2,7,3758,1,363
08/26/2009 10:57:26,2,7,16658,1,364
08/26/2009 10:57:26,2,7,16660,1,365
08/26/2009 10:57:26,2,7,12788,1,366
08/26/2009 10:57:26,2,7,7928,1,367
08/26/2009 10:57:26,2,7,9043,1,368
08/26/2009 10:57:26,2,7,4843,1,369
08/26/2009 10:57:26,2,7,1122,1,370
08/26/2009 10:57:26,2,7,712,1,371
08/26/2009 10:57:26,2,7,10923,1,372
08/26/2009 10:57:26,2,7,10826,1,373
08/26/2009 10:57:26,2,7,12577,1,374
08/26/2009 10:57:26,2,7,11064,1,375
08/26/2009 10:57:26,2,7,11773,1,376
08/26/2009 10:57:26,2,7,12636,1,377
08/26/2009 10:57:26,2,7,12635,1,378
08/26/2009 10:57:26,2,7,11068,1,379
08/26/2009 10:57:26,2,7,11067,1,380
08/26/2009 10:57:26,2,7,91,1,381
08/26/2009 10:57:26,2,7,126,1,382
08/26/2009 10:57:26,2,7,12689,1,383
08/26/2009 10:57:26,2,7,7569,1,384
08/26/2009 10:57:26,2,7,12446,1,385
08/26/2009 10:57:26,2,7,12369,1,386
08/26/2009 10:57:26,2,7,4042,1,387
08/26/2009 10:57:26,2,7,11554,1,388
08/26/2009 10:57:26,2,7,2723,1,389
08/26/2009 10:57:26,2,7,4826,1,390
08/26/2009 10:57:26,2,7,13592,1,391
08/26/2009 10:57:26,2,7,12077,1,392
08/26/2009 10:59:13,2,7,000126900000,1,1
08/26/2009 10:59:13,2,7,001353700005,1,2
08/26/2009 10:59:13,2,7,000585800002,1,3
08/26/2009 10:59:13,2,7,000131600001,1,4
08/26/2009 10:59:13,2,7,000049300000,1,5
08/26/2009 10:59:13,2,7,001156900008,1,6
08/26/2009 10:59:13,2,7,000085800007,1,7
08/26/2009 10:59:13,2,7,001156900008,1,8
08/26/2009 10:59:13,2,7,12106,1,9
08/26/2009 10:59:13,2,7,001350800005,1,10
08/26/2009 10:59:13,2,7,001353600008,2,11
08/26/2009 10:59:13,2,7,12092,1,12
08/26/2009 10:59:13,2,7,9329,1,13
08/26/2009 10:59:13,2,7,000095500003,1,14
08/26/2009 10:59:13,2,7,001347400003,1,15
08/26/2009 10:59:13,2,7,13316,1,16
08/26/2009 10:59:13,2,7,001215200001,1,17
08/26/2009 10:59:13,2,7,13465,1,18
08/26/2009 10:59:13,2,7,13470,1,19
08/26/2009 10:59:13,2,7,001235900004,1,20
08/26/2009 10:59:13,2,7,000997800003,1,21
08/26/2009 10:59:13,2,7,000568500004,1,22
08/26/2009 10:59:13,2,7,000384900002,1,23
08/26/2009 10:59:13,2,7,001358600003,1,24
08/26/2009 10:59:13,2,7,13180,1,25
08/26/2009 10:59:13,2,7,11068,1,26
08/26/2009 10:59:13,2,7,000997800003,1,27
08/26/2009 10:59:13,2,7,000127600008,1,28
08/26/2009 10:59:13,2,7,000129500009,1,29
08/26/2009 10:59:13,2,7,001146200002,1,30
08/26/2009 10:59:13,2,7,001313100005,1,31
08/26/2009 10:59:13,2,7,000029800001,1,32
08/26/2009 10:59:13,2,7,000568500004,1,33
08/26/2009 10:59:13,2,7,000127700005,5,34
08/26/2009 10:59:13,2,7,001357900005,1,35
08/26/2009 10:59:13,2,7,001230700005,1,36
08/26/2009 10:59:13,2,7,000127600008,1,37
08/26/2009 10:59:13,2,7,2794,2,38
08/26/2009 10:59:13,2,7,000526400001,3,39
08/26/2009 10:59:13,2,7,000097800002,2,40
08/26/2009 10:59:13,2,7,000171200001,1,41
08/26/2009 10:59:13,2,7,001667400004,1,42
08/26/2009 10:59:13,2,7,12523,1,43
08/26/2009 10:59:13,2,7,4826,1,44
08/26/2009 10:59:13,2,7,000446300009,1,45
08/26/2009 10:59:13,2,7,1188,1,46
08/26/2009 10:59:13,2,7,a:a,1,47
08/26/2009 10:59:13,2,7,001141600005,1,48
08/26/2009 10:59:13,2,7,11711,1,49
08/26/2009 10:59:13,2,7,001667400004,1,50
08/26/2009 10:59:13,2,7,001332200007,1,51
08/26/2009 10:59:13,2,7,001077400007,1,52
08/26/2009 10:59:13,2,7,000683700006,1,53
08/26/2009 10:59:13,2,7,12767,1,54
08/26/2009 10:59:13,2,7,000009900004,1,55
08/26/2009 10:59:13,2,7,001033100002,1,56
08/26/2009 10:59:13,2,7,001343700008,2,57
08/26/2009 10:59:13,2,7,000247500004,1,58
08/26/2009 10:59:13,2,7,000487500000,12,59
08/26/2009 10:59:13,2,7,13262,1,60
08/26/2009 10:59:13,2,7,12537,3,61
08/26/2009 10:59:13,2,7,000792600006,1,62
08/26/2009 10:59:13,2,7,7991,1,63
08/26/2009 10:59:13,2,7,000514400006,1,64
08/26/2009 10:59:13,2,7,001267700009,1,65
08/26/2009 10:59:13,2,7,000523700005,1,66
08/26/2009 10:59:13,2,7,001325500008,1,67
08/26/2009 10:59:13,2,7,001325600005,1,68
08/26/2009 10:59:13,2,7,000512600002,1,69
08/26/2009 10:59:13,2,7,000081400003,2,70
08/26/2009 10:59:13,2,7,000799000007,1,71
08/26/2009 10:59:13,2,7,000751800003,1,72
08/26/2009 10:59:13,2,7,000194600000,5,73
08/26/2009 10:59:13,2,7,1945,1,74
08/26/2009 10:59:13,2,7,000222800006,3,75
08/26/2009 10:59:13,2,7,000222700009,4,76
08/26/2009 10:59:13,2,7,001338600009,1,77
08/26/2009 10:59:13,2,7,001349200007,1,78
08/26/2009 10:59:13,2,7,13179,1,79
08/26/2009 10:59:13,2,7,2395,1,80
08/26/2009 10:59:13,2,7,001325400001,2,81
08/26/2009 10:59:13,2,7,11446,1,82
08/26/2009 10:59:13,2,7,000587600006,1,83
08/26/2009 10:59:13,2,7,000514600000,1,84
08/26/2009 10:59:13,2,7,5852,1,85
08/26/2009 10:59:13,2,7,000401000005,1,86
08/26/2009 10:59:13,2,7,000591500002,1,87
08/26/2009 10:59:13,2,7,000591500002,1,88
08/26/2009 10:59:13,2,7,000401000005,1,89
08/26/2009 10:59:13,2,7,000591500002,1,90
08/26/2009 10:59:13,2,7,001329500004,2,91
08/26/2009 10:59:13,2,7,001277000007,3,92
08/26/2009 10:59:13,2,7,000587500009,1,93
08/26/2009 10:59:13,2,7,001254800002,1,94
08/26/2009 10:59:13,2,7,001303500006,1,95
08/26/2009 10:59:13,2,7,000513200003,2,96
08/26/2009 10:59:13,2,7,000589500007,6,97
08/26/2009 10:59:13,2,7,5896,1,98
08/26/2009 10:59:13,2,7,001170500000,1,99
08/26/2009 10:59:13,2,7,001269800004,1,100
08/26/2009 10:59:13,2,7,001323200009,1,101
08/26/2009 10:59:13,2,7,001319800008,2,102
08/26/2009 10:59:13,2,7,001329400007,1,103
08/26/2009 10:59:13,2,7,001327700000,1,104
08/26/2009 10:59:13,2,7,001233500008,1,105
08/26/2009 10:59:13,2,7,000587600006,1,106
08/26/2009 10:59:13,2,7,001324500009,1,107
08/26/2009 10:59:13,2,7,774,1,108
08/26/2009 10:59:13,2,7,11710,1,109
08/26/2009 10:59:13,2,7,11703,1,110
08/26/2009 10:59:13,2,7,13142,1,111
08/26/2009 10:59:13,2,7,001242200005,2,112
08/26/2009 10:59:13,2,7,001323100002,2,113
08/26/2009 10:59:13,2,7,000445300000,1,114
08/26/2009 10:59:13,2,7,001281700009,1,115
08/26/2009 10:59:13,2,7,000148200003,1,116
08/26/2009 10:59:13,2,7,000148100006,1,117
08/26/2009 10:59:13,2,7,000148800005,1,118
08/26/2009 10:59:13,2,7,000682700007,3,119
08/26/2009 10:59:13,2,7,000682900001,2,120
08/26/2009 10:59:13,2,7,000489000003,1,121
08/26/2009 10:59:13,2,7,000489100000,1,122
08/26/2009 10:59:13,2,7,001239300008,1,123
08/26/2009 10:59:13,2,7,000903900001,1,124
08/26/2009 10:59:13,2,7,000680400008,5,125
08/26/2009 10:59:13,2,7,000251300003,2,126
08/26/2009 10:59:13,2,7,000251500007,1,127
08/26/2009 10:59:13,2,7,000903900001,1,128
08/26/2009 10:59:13,2,7,000628900003,1,129
08/26/2009 10:59:13,2,7,001325900006,2,130
08/26/2009 10:59:13,2,7,000903900001,1,131
08/26/2009 10:59:13,2,7,000251000002,1,132
08/26/2009 10:59:13,2,7,000858000009,1,133
08/26/2009 10:59:13,2,7,001114100006,1,134
08/26/2009 10:59:13,2,7,c7b,1,135
08/26/2009 10:59:13,2,7,001114100006,1,136
08/26/2009 10:59:13,2,7,5158,1,137
08/26/2009 10:59:13,2,7,001170000005,2,138
08/26/2009 10:59:13,2,7,001170600007,1,139
08/26/2009 10:59:13,2,7,001292100003,1,141
08/26/2009 10:59:13,2,7,000078100008,1,142
08/26/2009 10:59:13,2,7,001152400007,1,143
08/26/2009 10:59:13,2,7,2212,1,144
08/26/2009 10:59:13,2,7,001170100002,1,145
08/26/2009 10:59:13,2,7,001170100002,1,146
08/26/2009 10:59:13,2,7,001196900006,1,147
08/26/2009 10:59:13,2,7,001314500002,1,148
08/26/2009 10:59:13,2,7,3938,1,149
08/26/2009 10:59:13,2,7,000535900004,1,150
08/26/2009 10:59:13,2,7,000587300005,1,151
08/26/2009 10:59:13,2,7,11511,1,152
08/26/2009 10:59:13,2,7,000587300005,1,153
08/26/2009 10:59:13,2,7,000199400001,1,154
08/26/2009 10:59:13,2,7,000200100005,1,155
08/26/2009 10:59:13,2,7,001344700007,1,156
08/26/2009 10:59:13,2,7,001310400009,1,157
08/26/2009 10:59:13,2,7,001323900008,1,158
08/26/2009 10:59:13,2,7,001310600003,1,159
08/26/2009 10:59:13,2,7,000385200002,1,160
08/26/2009 10:59:13,2,7,001202100000,1,161
08/26/2009 10:59:13,2,7,001258800008,1,162
08/26/2009 10:59:13,2,7,1352,1,163
08/26/2009 10:59:13,2,7,000628900003,1,164
08/26/2009 10:59:13,2,7,001312200003,1,165
08/26/2009 10:59:13,2,7,001253100004,1,166
08/26/2009 10:59:13,2,7,4063,1,167
08/26/2009 10:59:13,2,7,12647,1,168
08/26/2009 10:59:13,2,7,755,1,169
08/26/2009 10:59:13,2,7,001324500009,1,170
08/26/2009 10:59:13,2,7,001314400005,1,171
08/26/2009 10:59:13,2,7,153,1,172
08/26/2009 10:59:13,2,7,000145700001,1,173
08/26/2009 10:59:13,2,7,000935200001,1,174
08/26/2009 10:59:13,2,7,11699,1,175
08/26/2009 10:59:13,2,7,1351,1,176
08/26/2009 10:59:13,2,7,11699,2,177
08/26/2009 10:59:13,2,7,000935200001,1,178
08/26/2009 10:59:13,2,7,000568200003,1,179
08/26/2009 10:59:13,2,7,001315300007,1,180
08/26/2009 10:59:13,2,7,771,1,181
08/26/2009 10:59:13,2,7,001257400001,1,182
08/26/2009 10:59:13,2,7,000676100004,2,183
08/26/2009 10:59:13,2,7,000573100008,1,184
08/26/2009 10:59:13,2,7,000500300006,1,185
08/26/2009 10:59:13,2,7,001324300005,1,186
08/26/2009 10:59:13,2,7,001276500003,1,187
08/26/2009 10:59:13,2,7,001353000006,1,188
08/26/2009 10:59:13,2,7,001356200007,1,189
08/26/2009 10:59:13,2,7,001338300008,1,190
08/26/2009 10:59:13,2,7,001280300002,1,191
08/26/2009 10:59:13,2,7,000688800008,1,192
08/26/2009 10:59:13,2,7,001667700005,1,193
08/26/2009 10:59:13,2,7,000571700002,1,194
08/26/2009 10:59:13,2,7,001667800002,1,195
08/26/2009 10:59:13,2,7,001332100000,1,196
08/26/2009 10:59:13,2,7,001339600008,1,197
08/26/2009 10:59:13,2,7,001301000003,1,198
08/26/2009 10:59:13,2,7,001667600008,1,199
08/26/2009 10:59:13,2,7,001319300003,1,200
08/26/2009 10:59:13,2,7,000573500006,1,201
08/26/2009 10:59:13,2,7,000573500006,1,202
08/26/2009 10:59:13,2,7,001294600006,1,203
08/26/2009 10:59:13,2,7,001287000004,1,204
08/26/2009 10:59:13,2,7,001292000006,1,205
08/26/2009 10:59:13,2,7,000530200000,1,206
08/26/2009 10:59:13,2,7,000576100005,1,207
08/26/2009 10:59:13,2,7,001301200007,1,208
08/26/2009 10:59:13,2,7,001301100000,1,209
08/26/2009 10:59:13,2,7,13563,1,210
08/26/2009 10:59:13,2,7,13237,1,211
08/26/2009 10:59:13,2,7,001337500003,1,212
08/26/2009 10:59:13,2,7,001337400006,1,213
08/26/2009 10:59:13,2,7,001325800009,1,214
08/26/2009 10:59:13,2,7,000699400006,1,215
08/26/2009 10:59:13,2,7,001214000008,1,216
08/26/2009 10:59:13,2,7,001315900009,1,217
08/26/2009 10:59:13,2,7,000586200009,5,218
08/26/2009 10:59:13,2,7,001234500007,1,219
08/26/2009 10:59:13,2,7,001157200008,1,220
08/26/2009 10:59:13,2,7,001338900000,1,221
08/26/2009 10:59:13,2,7,001341900004,1,222
08/26/2009 10:59:13,2,7,001341600003,1,223
08/26/2009 10:59:13,2,7,001342100007,1,224
08/26/2009 10:59:13,2,7,001157100001,3,225
08/26/2009 10:59:13,2,7,001277900000,1,226
08/26/2009 10:59:13,2,7,001060300000,1,227
08/26/2009 10:59:13,2,7,000438600001,1,228
08/26/2009 10:59:13,2,7,000436900004,1,229
08/26/2009 10:59:13,2,7,000436300002,1,230
08/26/2009 10:59:13,2,7,000437400008,1,231
08/26/2009 10:59:13,2,7,000439100005,1,232
08/26/2009 10:59:13,2,7,000437700009,1,233
08/26/2009 10:59:13,2,7,2280,1,234
08/26/2009 10:59:13,2,7,001147600009,1,235
08/26/2009 10:59:13,2,7,4882,2,236
08/26/2009 10:59:13,2,7,8283,1,237
08/26/2009 10:59:13,2,7,11907,1,238
08/26/2009 10:59:13,2,7,001310200005,1,239
08/26/2009 10:59:13,2,7,001300600006,1,240
08/26/2009 10:59:13,2,7,001253600009,1,241
08/26/2009 10:59:13,2,7,001335700009,1,242
08/26/2009 10:59:13,2,7,001315200000,1,243
08/26/2009 10:59:13,2,7,001340900005,1,244
08/26/2009 10:59:13,2,7,001340400000,1,245
08/26/2009 10:59:13,2,7,001327000001,1,246
08/26/2009 10:59:13,2,7,001335400008,1,247
08/26/2009 10:59:13,2,7,001341000001,1,248
08/26/2009 10:59:13,2,7,001239300008,1,249
08/26/2009 10:59:13,2,7,000530700005,1,250
08/26/2009 10:59:13,2,7,001332700002,1,251
08/26/2009 10:59:13,2,7,001286900008,1,252
08/26/2009 10:59:13,2,7,001345400005,1,253
08/26/2009 10:59:13,2,7,001353100003,1,254
08/26/2009 10:59:13,2,7,000467100008,1,255
08/26/2009 10:59:13,2,7,000463400003,1,256
08/26/2009 10:59:13,2,7,001667300007,1,257
08/26/2009 10:59:13,2,7,000490200003,1,258
08/26/2009 10:59:13,2,7,35110002,1,259
08/26/2009 10:59:13,2,7,001300700003,1,260
08/26/2009 10:59:13,2,7,000928900000,1,261
08/26/2009 10:59:13,2,7,10785,1,262
08/26/2009 10:59:13,2,7,001310100008,1,263
08/26/2009 10:59:13,2,7,12063,1,264
08/26/2009 10:59:13,2,7,9289,1,265
08/26/2009 10:59:13,2,7,12411,1,266
08/26/2009 10:59:13,2,7,12918,1,267
08/26/2009 10:59:13,2,7,12864,1,268
08/26/2009 10:59:13,2,7,11598,1,269
08/26/2009 10:59:13,2,7,001339400004,1,270
08/26/2009 10:59:13,2,7,001315700005,1,271
08/26/2009 10:59:13,2,7,001323300006,1,272
08/26/2009 10:59:13,2,7,001319600004,1,273
08/26/2009 10:59:13,2,7,4308,1,274
08/26/2009 10:59:13,2,7,001288900006,1,275
08/26/2009 10:59:13,2,7,001319500007,1,276
08/26/2009 10:59:13,2,7,001327800007,1,277
08/26/2009 10:59:13,2,7,5499,1,278
08/26/2009 10:59:13,2,7,4672,1,279
08/26/2009 10:59:13,2,7,001344200002,1,280
08/26/2009 10:59:13,2,7,001332800009,1,281
08/26/2009 10:59:13,2,7,001258200006,1,282
08/26/2009 10:59:13,2,7,000431000006,1,283
08/26/2009 10:59:13,2,7,12792,1,284
08/26/2009 10:59:13,2,7,001228600003,1,285
08/26/2009 10:59:13,2,7,001234500007,1,286
08/26/2009 10:59:13,2,7,001258300003,1,287
08/26/2009 10:59:13,2,7,000940000009,1,288
08/26/2009 10:59:13,2,7,001324100001,1,289
08/26/2009 10:59:13,2,7,001239100004,1,290
08/26/2009 10:59:13,2,7,001202100000,1,291
08/26/2009 10:59:13,2,7,000751800003,1,292
08/26/2009 10:59:13,2,7,001323600007,1,293
08/26/2009 10:59:13,2,7,001258600004,1,294
08/26/2009 10:59:13,2,7,000586100002,1,295
08/26/2009 10:59:13,2,7,001170500000,1,296
08/26/2009 10:59:13,2,7,000589500007,1,297
08/26/2009 10:59:13,2,7,001280400009,1,298
08/26/2009 10:59:13,2,7,000586700004,1,299
08/26/2009 10:59:13,2,7,000586400003,1,300
08/26/2009 10:59:13,2,7,000586400003,1,301
08/26/2009 10:59:13,2,7,5866,2,302
08/26/2009 10:59:13,2,7,001334400009,1,303
08/26/2009 10:59:13,2,7,001334500006,1,304
08/26/2009 10:59:13,2,7,000903900001,1,305
08/26/2009 10:59:13,2,7,12168,1,306
08/26/2009 10:59:13,2,7,001342900003,1,307
08/26/2009 10:59:13,2,7,001345000007,1,308
08/26/2009 10:59:13,2,7,000571600005,1,309
08/26/2009 10:59:13,2,7,001294100001,1,310
08/26/2009 10:59:13,2,7,001257400001,1,311
08/26/2009 10:59:13,2,7,001289300003,1,312
08/26/2009 10:59:13,2,7,001289200006,1,313
08/26/2009 10:59:13,2,7,001334200005,1,314
08/26/2009 10:59:13,2,7,001334200005,1,315
08/26/2009 10:59:13,2,7,001314100004,1,316
08/26/2009 10:59:13,2,7,12717,2,317
08/26/2009 10:59:13,2,7,11476,1,318
08/26/2009 10:59:13,2,7,755,1,319
08/26/2009 10:59:13,2,7,000573100008,1,320
08/26/2009 10:59:13,2,7,000429600003,1,321
08/26/2009 10:59:13,2,7,000448500001,1,322
08/26/2009 10:59:13,2,7,000448500001,1,323
08/26/2009 10:59:13,2,7,001667100003,1,324
08/26/2009 10:59:13,2,7,000048700009,1,325
08/26/2009 10:59:13,2,7,000455900009,1,326
08/26/2009 10:59:13,2,7,000488300005,1,327
08/26/2009 10:59:13,2,7,000532000004,1,328
08/26/2009 10:59:13,2,7,5070,1,329
08/26/2009 10:59:13,2,7,000529000000,2,330
08/26/2009 10:59:13,2,7,13178,1,331
08/26/2009 10:59:13,2,7,13276,1,332
08/26/2009 10:59:13,2,7,5770,1,333
08/26/2009 10:59:13,2,7,12995,1,334
08/26/2009 10:59:13,2,7,12994,1,335
08/26/2009 10:59:13,2,7,245,1,336
08/26/2009 10:59:13,2,7,13300,1,337
08/26/2009 10:59:13,2,7,12084,1,338
08/26/2009 10:59:13,2,7,5176,1,339
08/26/2009 10:59:13,2,7,12939,1,340
08/26/2009 10:59:13,2,7,11768,1,341
08/26/2009 10:59:13,2,7,11828,1,342
08/26/2009 10:59:13,2,7,11653,1,343
08/26/2009 10:59:13,2,7,5771,1,344
08/26/2009 10:59:13,2,7,5779,1,345
08/26/2009 10:59:13,2,7,11655,1,346
08/26/2009 10:59:13,2,7,12822,1,347
08/26/2009 10:59:13,2,7,246,1,348
08/26/2009 10:59:13,2,7,13299,1,349
08/26/2009 10:59:13,2,7,12216,1,350
08/26/2009 10:59:13,2,7,13515,1,351
08/26/2009 10:59:13,2,7,3883,1,352
08/26/2009 10:59:13,2,7,12209,1,353
08/26/2009 10:59:13,2,7,11689,1,354
08/26/2009 10:59:13,2,7,12915,1,355
08/26/2009 10:59:13,2,7,12581,1,356
08/26/2009 10:59:13,2,7,4499,1,357
08/26/2009 10:59:13,2,7,1760,1,358
08/26/2009 10:59:13,2,7,4366,1,359
08/26/2009 10:59:13,2,7,4384,1,360
08/26/2009 10:59:13,2,7,5393,1,361
08/26/2009 10:59:13,2,7,1938,1,362
08/26/2009 10:59:13,2,7,5147,1,363
08/26/2009 10:59:13,2,7,12816,1,364
08/26/2009 10:59:13,2,7,7944,1,365
08/26/2009 10:59:13,2,7,13351,1,366
08/26/2009 10:59:13,2,7,336,1,367
08/26/2009 10:59:13,2,7,12738,1,368
08/26/2009 10:59:13,2,7,1682,1,369
08/26/2009 10:59:13,2,7,10897,1,370
08/26/2009 10:59:13,2,7,10840,1,371
08/26/2009 10:59:13,2,7,12116,1,372
08/26/2009 10:59:13,2,7,10841,1,373
08/26/2009 10:59:13,2,7,10985,1,374
08/26/2009 10:59:13,2,7,13393,1,375
08/26/2009 10:59:13,2,7,13309,1,376
08/26/2009 10:59:13,2,7,12129,1,377
08/26/2009 10:59:13,2,7,6898,1,378
08/26/2009 10:59:13,2,7,1738,1,379
08/26/2009 10:59:13,2,7,4044,1,380
08/26/2009 10:59:13,2,7,335,1,381
08/26/2009 10:59:13,2,7,5800,1,382
08/26/2009 10:59:13,2,7,12996,1,383
08/26/2009 10:59:13,2,7,13164,1,384
08/26/2009 10:59:13,2,7,5930,1,385
08/26/2009 10:59:13,2,7,8250,1,386
08/26/2009 10:59:13,2,7,8249,1,387
08/26/2009 10:59:13,2,7,13194,1,388
08/26/2009 10:59:13,2,7,12617,1,389
08/26/2009 10:59:13,2,7,13333,1,390
08/26/2009 10:59:13,2,7,5192,1,391
08/26/2009 10:59:13,2,7,5108,1,392
08/26/2009 10:59:13,2,7,13432,1,393
08/26/2009 10:59:13,2,7,13314,1,394
08/26/2009 10:59:13,2,7,5783,6,395
08/26/2009 10:59:13,2,7,12784,1,396
08/26/2009 10:59:13,2,7,7931,1,397
08/26/2009 10:59:13,2,7,7934,1,398
08/26/2009 10:59:13,2,7,12563,1,399
08/26/2009 10:59:13,2,7,5292,1,400
08/26/2009 10:59:13,2,7,552,1,401
08/26/2009 10:59:13,2,7,16680,1,402
08/26/2009 10:59:13,2,7,5784,1,403
08/26/2009 10:59:13,2,7,533,1,404
08/26/2009 10:59:13,2,7,8684,6,405
08/26/2009 10:59:13,2,7,5164,1,406
08/26/2009 10:59:13,2,7,12790,1,407
08/26/2009 10:59:13,2,7,561,1,408
08/26/2009 10:59:13,2,7,799,1,409
08/26/2009 10:59:13,2,7,5647,1,410
08/26/2009 10:59:13,2,7,5163,1,411
08/26/2009 10:59:13,2,7,12922,1,412
08/26/2009 10:59:13,2,7,5161,1,414
08/26/2009 10:59:13,2,7,13361,6,415
08/26/2009 10:59:13,2,7,10027,1,416
08/26/2009 10:59:13,2,7,13621,1,417
08/26/2009 10:59:13,2,7,13384,1,418
08/26/2009 10:59:13,2,7,10985,1,419
08/26/2009 10:59:13,2,7,10986,1,420
08/26/2009 10:59:13,2,7,13292,1,421
08/26/2009 10:59:13,2,7,13290,2,422
08/26/2009 10:59:13,2,7,5827,1,423
08/26/2009 10:59:13,2,7,4892,1,424
08/26/2009 10:59:13,2,7,11696,1,425
08/26/2009 10:59:13,2,7,5685,2,426
08/26/2009 10:59:13,2,7,1100,2,427
08/26/2009 10:59:13,2,7,1269,1,428
08/26/2009 10:59:13,2,7,12077,6,429
08/26/2009 10:59:13,2,7,433,6,430
08/26/2009 10:59:13,2,7,447,6,431
08/26/2009 10:59:13,2,7,13521,1,432
08/26/2009 10:59:13,2,7,12787,1,433
08/26/2009 10:59:13,2,7,1423,1,434
08/26/2009 10:59:13,2,7,5116,1,435
